[header]
width=70
height=70
tilewidth=64
tileheight=32
music=music/dungeon_theme.ogg
tileset=tilesetdefs/tileset_dungeon.txt
title=Asylum Living Quarters

[tilesets]
tileset=../../tiled/dungeon/tiled_collision.png,64,32,0,0
tileset=../../tiled/dungeon/tiled_dungeon.png,64,128,0,0
tileset=../../tiled/dungeon/set_rules.png,64,32,0,0
tileset=../../tiled/dungeon/tiled_dungeon_2x2.png,128,64,0,16
tileset=../../tiled/dungeon/door_left.png,64,128,-16,-8
tileset=../../tiled/dungeon/door_right.png,64,128,16,-8
tileset=../../tiled/dungeon/stairs.png,256,256,0,48

[layer]
type=background
data=
0,0,0,0,0,0,0,0,0,0,0,0,0,0,0,0,0,0,0,0,0,0,0,0,0,0,0,0,0,0,0,0,0,0,0,0,0,0,0,0,0,0,0,0,0,0,0,0,0,0,0,0,0,0,0,0,0,0,0,0,0,0,0,0,0,0,0,0,0,0,
0,0,0,0,0,0,0,0,0,0,0,0,0,0,0,0,0,0,0,0,0,0,0,0,0,0,0,0,0,0,0,0,0,0,0,0,0,0,0,0,0,0,0,0,0,0,0,0,0,0,0,0,0,0,0,0,0,0,0,0,0,0,0,0,0,0,0,0,0,0,
0,0,0,0,0,0,0,0,0,0,0,0,0,0,0,0,0,0,0,0,0,0,0,0,0,0,0,0,0,0,0,0,0,0,0,0,0,0,0,0,0,0,0,0,0,0,0,0,0,0,0,0,0,0,0,0,0,0,0,0,0,0,0,0,0,0,0,0,0,0,
0,0,0,0,0,0,0,0,0,0,0,0,0,0,0,0,0,0,0,0,0,0,0,0,0,0,0,0,0,0,0,0,0,0,0,0,0,0,0,0,0,0,0,0,0,0,0,0,0,0,0,0,0,0,0,0,0,0,0,0,0,0,0,0,0,0,0,0,0,0,
0,0,0,0,0,0,0,0,0,0,16,16,17,18,16,16,17,16,16,17,18,16,16,16,16,16,16,16,16,16,16,16,16,16,16,16,17,16,16,16,16,16,16,16,16,16,16,16,17,18,16,16,16,17,18,16,16,16,16,16,16,17,18,19,0,0,0,0,0,0,
0,0,0,0,0,0,0,0,0,0,16,16,16,16,16,16,16,16,16,16,17,18,19,16,18,19,16,17,16,18,19,17,18,19,17,16,16,18,17,17,18,18,18,18,18,19,18,18,16,16,16,17,16,16,16,16,17,18,19,19,16,17,18,19,0,0,0,0,0,0,
0,0,0,0,0,0,0,0,0,0,16,17,18,19,19,18,16,16,18,16,16,17,18,19,16,16,18,19,16,18,17,16,19,19,18,16,16,19,18,19,16,16,18,19,16,17,18,18,18,19,19,19,17,16,19,18,16,16,16,16,16,17,18,19,0,0,0,0,0,0,
0,0,0,0,0,0,0,0,0,0,16,17,18,19,16,17,19,18,17,17,18,16,17,18,19,16,18,19,16,17,16,19,16,17,18,17,17,19,18,17,16,17,17,18,18,16,19,16,16,16,17,16,16,16,16,17,18,18,19,18,16,17,18,19,0,0,0,0,0,0,
0,0,0,0,0,0,0,0,0,0,16,17,18,19,18,18,16,17,16,19,19,16,16,17,18,19,18,18,17,18,16,16,17,16,19,18,18,16,19,17,17,17,16,19,16,16,18,17,18,17,19,17,18,18,19,17,16,16,19,17,16,17,18,19,0,0,0,0,0,0,
0,0,0,0,0,0,0,0,0,0,16,16,17,18,19,16,16,19,17,18,16,17,18,17,19,17,17,19,18,16,17,18,16,17,19,16,18,16,18,17,17,19,16,18,19,18,18,16,18,16,16,17,18,19,17,17,18,17,16,19,16,17,18,19,0,0,0,0,0,0,
0,0,0,0,0,0,0,0,0,0,16,16,17,18,19,19,19,18,18,17,16,19,19,19,18,18,16,18,18,16,17,18,16,16,17,18,18,17,17,19,16,18,19,16,17,16,18,16,17,19,19,16,17,17,18,19,16,16,17,16,16,17,18,19,0,0,0,0,0,0,
0,0,0,0,0,0,0,0,0,0,16,16,17,18,19,17,16,19,16,16,17,16,16,16,17,16,19,17,17,19,16,17,16,19,19,19,16,17,18,18,17,17,17,18,17,18,16,17,16,19,19,17,19,19,19,18,19,19,19,18,16,17,18,19,0,0,0,0,0,0,
0,0,0,0,0,0,0,0,0,0,16,17,18,19,17,18,19,16,17,16,17,16,17,17,18,18,18,19,17,19,17,19,18,19,19,19,18,18,17,17,19,16,19,17,18,16,19,16,18,16,18,18,19,16,16,18,16,16,17,16,17,18,19,19,0,0,0,0,0,0,
0,0,0,0,0,0,0,0,0,0,16,17,18,19,16,19,16,16,18,17,19,16,19,18,17,16,18,16,18,17,16,19,16,18,17,19,17,19,19,16,19,18,19,16,18,16,18,17,16,18,18,16,19,18,17,16,18,16,17,16,17,18,19,19,0,0,0,0,0,0,
0,0,0,0,0,0,0,0,0,0,16,17,18,19,16,19,17,16,19,17,18,19,16,16,18,17,16,16,16,16,16,19,17,17,16,16,19,17,18,19,16,16,17,16,17,18,17,17,19,19,17,17,18,18,19,18,18,17,16,16,16,17,18,19,0,0,0,0,0,0,
0,0,0,0,0,0,0,0,0,0,16,17,18,19,16,16,17,19,17,19,16,18,18,16,16,19,17,19,18,17,16,19,19,16,19,19,17,18,17,17,19,18,17,16,16,17,18,16,19,19,17,17,17,19,19,17,16,18,18,16,16,17,18,19,0,0,0,0,0,0,
0,0,0,0,0,0,0,0,0,0,16,17,18,19,19,17,17,18,19,16,18,19,19,19,19,16,16,16,17,19,16,16,17,16,18,16,17,16,19,18,19,16,16,19,18,17,18,18,17,17,19,17,18,19,18,17,16,19,18,16,17,18,19,19,0,0,0,0,0,0,
0,0,0,0,0,0,0,0,0,0,16,17,18,19,16,19,17,19,18,19,17,16,17,17,19,18,18,17,17,17,17,18,17,19,17,16,19,16,17,16,17,18,19,19,18,17,19,18,17,19,16,18,19,16,17,16,19,18,16,16,16,17,18,19,0,0,0,0,0,0,
0,0,0,0,0,0,0,0,0,0,16,17,18,19,18,17,17,16,16,19,17,18,16,19,19,18,19,18,16,17,17,16,18,18,16,16,17,19,17,18,18,19,17,18,18,19,16,19,19,19,16,17,16,16,17,16,16,16,16,17,16,17,18,19,0,0,0,0,0,0,
0,0,0,0,0,0,0,0,0,0,16,17,18,19,18,18,19,18,19,16,19,17,19,17,16,16,19,17,16,17,16,17,16,17,19,18,19,17,17,17,16,17,18,19,16,19,17,18,18,19,17,17,18,19,16,19,18,16,16,17,16,17,18,19,0,0,0,0,0,0,
0,0,0,0,0,0,0,0,0,0,16,17,18,19,19,19,17,19,18,19,16,18,17,16,19,18,16,16,19,18,17,19,16,17,19,19,16,18,18,17,17,17,16,17,18,19,16,17,16,16,18,17,18,19,19,19,16,17,16,17,16,17,18,19,0,0,0,0,0,0,
0,0,0,0,0,0,0,0,0,0,16,17,18,19,16,18,16,17,16,19,16,16,16,19,17,18,17,19,18,17,18,18,16,16,17,17,17,16,18,19,16,18,19,19,19,17,19,19,18,18,19,16,19,16,18,19,18,17,16,16,16,17,18,19,0,0,0,0,0,0,
0,0,0,0,0,0,0,0,0,0,16,17,18,19,19,16,17,19,19,18,16,18,19,19,16,18,16,17,18,18,17,18,17,17,17,17,19,18,19,18,19,19,16,17,16,19,18,16,16,18,17,17,17,19,17,18,18,18,16,16,17,18,19,19,0,0,0,0,0,0,
0,0,0,0,0,0,0,0,0,0,16,17,18,19,19,18,18,18,18,16,17,18,18,16,17,19,16,18,19,18,19,19,16,19,18,17,19,16,19,19,17,19,19,19,17,19,18,17,16,18,19,17,18,18,16,19,18,18,19,16,16,17,18,19,0,0,0,0,0,0,
0,0,0,0,0,0,0,0,0,0,16,16,17,18,19,18,18,16,18,18,18,19,18,17,19,16,19,17,16,19,18,19,19,16,17,17,18,19,18,16,17,17,18,16,17,19,18,19,17,19,16,16,18,17,17,18,19,16,18,16,16,17,18,19,0,0,0,0,0,0,
0,0,0,0,0,0,0,0,0,0,16,17,18,19,17,17,16,17,16,18,18,18,16,18,18,19,16,19,18,19,19,18,16,19,17,17,19,16,16,18,17,17,17,17,18,18,16,17,16,18,19,18,16,18,18,18,16,18,19,17,16,17,18,19,0,0,0,0,0,0,
0,0,0,0,0,0,0,0,0,0,16,17,18,19,16,19,17,17,19,19,16,17,18,19,19,18,18,16,18,19,18,19,18,18,16,18,19,18,17,18,16,18,19,16,18,18,17,19,17,17,19,18,16,16,16,17,19,18,16,17,16,17,18,19,0,0,0,0,0,0,
0,0,0,0,0,0,0,0,0,0,16,17,18,19,16,19,19,16,17,16,18,16,17,19,19,17,16,18,17,17,18,16,19,18,18,17,18,18,16,16,16,17,18,16,19,19,16,19,18,19,19,17,18,19,16,18,16,18,17,16,16,17,18,19,0,0,0,0,0,0,
0,0,0,0,0,0,0,0,0,0,16,17,18,19,18,18,16,19,18,19,17,16,19,16,18,19,16,19,16,16,19,18,18,19,19,18,17,18,17,17,17,18,17,18,18,17,19,19,18,16,18,17,16,18,16,19,17,19,18,17,16,17,18,19,0,0,0,0,0,0,
0,0,0,0,0,0,0,0,0,0,16,17,18,19,19,16,17,18,19,19,18,18,17,16,18,16,18,17,17,19,18,16,18,17,19,16,17,19,17,19,18,16,16,19,18,17,16,17,16,19,16,19,18,19,17,18,17,18,16,19,16,17,18,19,0,0,0,0,0,0,
0,0,0,0,0,0,0,0,0,0,16,17,18,19,17,18,16,16,19,18,18,17,17,19,18,16,18,19,16,18,16,19,18,19,18,19,19,16,18,19,16,18,17,17,19,19,18,16,17,17,19,17,19,16,17,17,17,19,18,16,17,18,19,19,0,0,0,0,0,0,
0,0,0,0,0,0,0,0,0,0,16,17,18,19,19,18,18,19,19,16,17,16,19,16,18,19,19,16,16,17,18,17,19,19,17,19,16,19,18,19,18,18,16,16,19,18,16,16,17,19,16,19,17,16,19,16,16,18,18,16,16,17,18,19,0,0,0,0,0,0,
0,0,0,0,0,0,0,0,0,0,16,17,18,19,18,17,17,18,18,16,19,18,18,19,18,19,16,18,19,17,19,17,17,18,16,17,16,16,19,17,17,16,16,18,17,18,19,18,19,19,16,18,16,16,19,17,18,16,18,16,16,17,18,19,0,0,0,0,0,0,
0,0,0,0,0,0,0,0,0,0,16,17,18,19,18,17,19,17,18,16,16,19,16,19,19,17,17,16,18,17,18,16,17,19,16,18,19,18,16,17,18,17,16,17,17,19,19,16,17,19,16,18,19,19,18,16,18,19,16,19,16,17,18,19,0,0,0,0,0,0,
0,0,0,0,0,0,0,0,0,0,16,17,18,19,19,19,18,16,18,19,18,18,19,19,19,18,18,18,16,16,17,19,16,18,17,17,19,17,18,19,18,17,19,16,19,19,19,19,18,17,16,19,16,16,18,19,18,16,16,19,16,17,18,19,0,0,0,0,0,0,
0,0,0,0,0,0,0,0,0,0,16,17,18,19,19,19,18,18,16,19,19,16,19,17,16,18,19,16,16,16,19,16,18,19,16,17,18,17,17,18,18,19,17,18,17,16,18,16,18,16,17,19,16,18,18,18,18,19,19,16,16,17,18,19,0,0,0,0,0,0,
0,16,16,16,16,16,16,17,18,16,16,17,18,19,18,16,17,19,19,17,18,16,16,17,17,16,19,17,19,18,19,18,18,16,17,17,18,18,16,16,17,18,16,19,19,17,17,18,17,19,18,16,17,18,18,18,19,18,16,19,16,17,18,19,0,0,0,0,0,0,
0,16,17,18,19,18,16,16,16,16,17,18,19,18,17,17,18,18,17,18,17,17,17,19,17,19,19,17,16,17,18,19,18,16,16,19,19,16,16,16,16,19,16,17,19,18,17,18,16,17,18,18,17,19,17,16,17,19,18,19,16,17,18,19,0,0,0,0,0,0,
0,16,17,18,19,16,16,17,17,16,19,19,16,19,19,18,17,17,17,16,17,19,17,17,17,16,17,16,16,17,18,19,17,19,17,16,17,17,19,19,18,16,16,18,18,16,18,18,18,17,19,19,16,18,18,19,18,17,17,17,16,17,18,19,0,0,0,0,0,0,
0,16,17,18,19,17,19,17,18,16,19,17,17,19,19,18,18,18,19,18,16,18,17,19,17,18,18,16,17,17,17,16,19,18,18,17,16,19,16,19,18,19,16,18,18,16,16,19,18,17,16,16,16,17,17,16,17,18,17,16,17,18,19,19,0,0,0,0,0,0,
0,16,17,18,19,18,18,16,16,17,18,17,19,19,18,19,17,19,16,16,17,19,18,16,18,18,16,16,16,16,19,16,17,17,17,16,17,18,18,16,18,19,16,16,17,19,17,17,19,19,16,18,16,19,19,16,16,16,16,16,16,17,18,19,0,0,0,0,0,0,
0,16,17,18,19,19,16,17,18,17,19,16,16,19,16,17,19,19,18,18,18,18,18,16,19,16,19,19,18,17,18,18,18,16,19,17,17,18,17,16,19,17,18,16,17,18,19,16,18,16,18,16,19,19,16,17,19,19,18,16,16,17,18,19,0,0,0,0,0,0,
0,16,17,18,19,17,17,16,19,16,17,17,16,19,16,16,18,16,16,18,18,18,19,19,19,19,19,16,17,19,18,18,18,18,19,18,17,17,17,16,16,17,18,16,18,17,18,16,18,17,17,18,19,19,18,16,16,16,18,16,16,17,18,19,0,0,0,0,0,0,
0,16,17,18,19,19,17,19,16,17,18,16,17,19,16,17,18,19,16,16,19,18,17,17,18,16,17,16,19,17,19,18,19,19,18,19,19,18,18,19,16,19,19,19,17,17,18,17,17,16,17,17,18,16,16,18,18,17,17,17,16,17,18,19,0,0,0,0,0,0,
0,16,16,17,18,19,18,17,17,17,18,18,19,18,18,17,16,17,16,18,19,19,18,17,18,19,16,18,19,16,19,17,18,18,17,16,18,17,18,19,17,18,16,18,16,18,17,18,19,16,19,18,16,17,17,18,18,19,17,16,16,17,18,19,0,0,0,0,0,0,
0,16,16,17,18,19,18,19,16,16,16,19,16,16,17,18,16,18,18,19,18,19,17,16,19,16,18,18,19,16,16,19,19,19,16,19,18,16,19,19,18,17,16,16,18,17,16,19,19,16,18,17,16,19,17,18,17,19,19,17,16,17,18,19,0,0,0,0,0,0,
0,16,16,17,18,19,17,17,16,16,18,17,17,17,19,16,18,19,18,18,19,16,19,16,18,18,19,18,19,19,18,19,16,17,18,18,19,19,16,16,16,16,19,19,18,18,16,18,17,19,18,16,17,17,18,18,17,16,16,16,16,17,18,19,0,0,0,0,0,0,
0,16,16,17,18,19,17,17,17,19,17,16,18,19,17,16,19,16,16,16,16,17,17,17,18,19,16,19,17,17,16,16,18,19,16,18,16,16,19,17,17,19,17,19,17,19,19,18,18,18,19,16,19,17,17,17,18,17,17,19,16,17,18,19,0,0,0,0,0,0,
0,16,17,18,19,16,19,17,17,18,17,16,19,17,17,16,19,17,18,18,16,19,17,16,16,19,16,19,19,18,17,19,16,19,18,16,16,17,18,17,18,17,16,19,16,17,17,19,17,16,16,19,19,16,16,17,18,17,17,17,16,17,18,19,0,0,0,0,0,0,
0,16,17,18,19,16,18,19,18,19,18,16,16,17,18,17,18,19,16,18,16,16,17,18,17,19,18,17,18,18,16,16,16,16,16,19,16,17,19,16,17,16,17,19,18,17,16,17,18,19,19,18,16,16,18,17,19,19,16,18,16,17,18,19,0,0,0,0,0,0,
0,16,17,18,19,19,18,19,19,17,18,19,16,19,18,16,17,16,18,17,19,17,16,17,16,19,19,16,16,16,18,17,18,18,17,18,19,16,18,16,18,18,16,16,18,18,19,17,17,19,16,19,18,17,19,16,16,18,17,18,16,17,18,19,0,0,0,0,0,0,
0,16,17,18,19,19,19,19,17,19,19,18,19,17,16,16,19,19,17,18,16,19,19,19,17,17,17,16,17,17,17,17,16,19,17,19,19,19,16,18,19,18,19,17,17,17,17,17,17,17,18,19,18,16,18,17,17,19,16,19,16,17,18,19,0,0,0,0,0,0,
0,16,17,18,19,18,19,17,19,18,19,16,18,18,19,16,16,16,16,16,17,19,18,18,16,18,19,16,16,19,19,16,19,17,19,17,17,16,19,19,18,19,19,18,16,19,16,19,16,18,17,19,18,17,17,17,18,18,19,17,16,17,18,19,0,0,0,0,0,0,
0,16,17,18,19,16,18,19,16,17,19,18,17,19,18,16,19,16,16,18,17,19,17,17,17,19,19,19,16,16,18,17,16,16,19,19,19,19,19,17,17,18,17,19,16,17,18,16,18,19,16,18,18,18,17,17,18,19,17,16,17,18,19,19,0,0,0,0,0,0,
0,16,17,18,19,17,17,19,19,16,17,18,19,17,17,19,16,17,19,17,16,18,17,19,17,16,19,19,17,17,18,16,19,17,18,16,17,16,19,19,17,19,17,19,17,17,18,16,16,17,16,17,17,18,16,16,18,18,18,16,16,17,18,19,0,0,0,0,0,0,
0,16,17,18,19,19,18,19,18,16,17,18,19,19,18,17,19,17,18,19,18,18,18,17,17,19,18,18,16,18,19,16,19,16,19,17,17,16,17,19,17,18,17,18,16,19,16,19,18,16,19,16,16,17,16,19,17,17,18,17,16,17,18,19,0,0,0,0,0,0,
0,16,17,18,19,19,18,18,16,17,18,19,16,16,18,17,19,18,19,16,16,16,19,18,18,18,17,17,16,19,18,16,17,16,19,19,18,16,18,19,17,18,16,16,19,19,18,16,16,17,18,17,17,19,16,18,19,17,16,18,16,17,18,19,0,0,0,0,0,0,
0,16,17,18,19,18,18,16,17,18,19,18,18,17,16,17,16,16,16,16,19,17,19,19,17,16,16,16,19,16,19,17,16,19,17,17,16,17,17,17,18,19,18,17,16,19,18,19,18,18,19,19,17,19,16,19,18,18,18,16,17,18,19,19,0,0,0,0,0,0,
0,16,17,18,19,18,16,16,17,18,19,18,19,16,19,19,16,19,19,16,16,18,19,17,18,17,19,18,17,19,16,17,17,18,18,18,18,18,18,18,19,19,17,17,18,19,17,16,18,17,18,19,17,19,19,16,19,17,19,16,16,17,18,19,0,0,0,0,0,0,
0,16,17,18,19,16,16,17,18,19,16,18,19,16,18,19,17,18,17,18,17,17,17,18,17,19,17,19,17,19,19,19,19,17,16,18,17,17,18,17,19,17,19,18,18,17,16,18,16,19,18,19,17,19,19,19,17,16,17,16,16,17,18,19,0,0,0,0,0,0,
0,16,17,18,19,16,17,18,19,16,19,16,18,17,16,17,16,16,17,16,19,18,19,18,18,17,16,16,19,17,18,16,18,17,17,18,17,18,18,16,17,19,19,16,19,19,18,17,17,16,16,17,19,17,16,18,18,19,16,16,16,17,18,19,0,0,0,0,0,0,
0,16,17,18,19,17,18,19,16,16,19,16,17,19,16,19,18,18,19,18,18,18,18,17,16,18,16,19,18,17,17,17,19,19,18,16,16,18,16,19,19,18,18,19,19,16,16,17,16,19,18,19,18,19,19,19,16,17,18,16,16,17,18,19,0,0,0,0,0,0,
0,16,17,18,19,18,19,19,19,18,19,19,18,17,17,17,18,16,17,17,17,17,17,18,18,17,16,16,19,19,18,17,16,16,19,19,18,16,17,17,16,17,17,16,17,19,16,16,18,19,18,19,17,16,18,17,19,19,16,16,17,18,19,19,0,0,0,0,0,0,
0,16,17,18,19,19,17,18,18,19,19,18,16,19,18,16,18,18,16,19,17,16,19,19,18,17,18,19,18,18,17,19,19,16,17,18,18,16,19,16,19,18,19,19,19,17,16,16,16,18,19,16,18,16,19,16,19,19,19,16,16,17,18,19,0,0,0,0,0,0,
0,16,16,17,18,19,16,16,18,17,19,18,18,18,18,18,16,18,16,17,16,16,17,18,19,18,19,16,19,17,16,17,19,18,18,19,16,18,19,18,17,19,17,19,19,17,19,16,18,18,18,17,19,18,17,17,16,16,17,19,16,17,18,19,0,0,0,0,0,0,
0,16,16,17,18,19,19,18,18,17,19,16,18,18,16,18,18,18,19,17,18,18,19,18,17,18,16,17,16,19,17,19,16,19,18,17,16,19,19,19,16,16,19,17,19,19,17,17,18,19,18,18,19,19,17,18,16,18,18,18,16,17,18,19,0,0,0,0,0,0,
0,16,17,18,19,19,19,19,17,16,17,18,19,19,19,19,19,19,19,19,19,19,19,18,18,16,17,17,19,17,18,17,16,19,17,17,17,17,16,17,18,19,19,19,19,19,19,16,18,19,19,16,17,18,19,19,19,19,19,16,17,18,19,19,0,0,0,0,0,0,
0,16,17,18,19,19,19,19,19,19,17,18,19,17,18,19,19,18,19,19,17,18,19,19,19,19,19,19,19,19,19,19,19,19,19,19,19,19,19,17,18,19,16,17,18,19,19,19,19,19,19,19,19,19,19,18,19,18,19,19,19,19,19,19,0,0,0,0,0,0,
0,0,0,0,0,0,0,0,0,0,0,0,0,0,0,0,0,0,0,0,0,0,0,0,0,0,0,0,0,0,0,0,0,0,0,0,0,0,0,0,0,0,0,0,0,0,0,0,0,0,0,0,0,0,0,0,0,0,0,0,0,0,0,0,0,0,0,0,0,0,
0,0,0,0,0,0,0,0,0,0,0,0,0,0,0,0,0,0,0,0,0,0,0,0,0,0,0,0,0,0,0,0,0,0,0,0,0,0,0,0,0,0,0,0,0,0,0,0,0,0,0,0,0,0,0,0,0,0,0,0,0,0,0,0,0,0,0,0,0,0

[layer]
type=object
data=
0,0,0,0,0,0,0,0,0,0,0,0,0,0,0,0,0,0,0,0,0,0,0,0,0,0,0,0,0,0,0,0,0,0,0,0,0,0,0,0,0,0,0,0,0,0,0,0,0,0,0,0,0,0,0,0,0,0,0,0,0,0,0,0,0,0,0,0,0,0,
0,0,0,0,0,0,0,0,0,0,0,0,0,0,0,0,0,0,0,0,0,0,0,0,0,0,0,0,0,0,0,0,0,0,0,0,0,0,0,0,0,0,0,0,0,0,0,0,0,0,0,0,0,0,0,0,0,0,0,0,0,0,0,0,0,0,0,0,0,0,
0,0,0,0,0,0,0,0,0,0,0,0,0,0,0,0,0,0,0,0,0,0,0,0,0,0,0,0,0,0,0,0,0,0,0,0,0,0,0,0,0,0,0,0,0,0,0,0,0,0,0,0,0,0,0,0,0,0,0,0,0,0,0,0,0,0,0,0,0,0,
0,0,0,0,0,0,0,0,0,0,0,0,0,0,0,0,0,0,0,0,0,0,0,0,0,0,0,0,0,0,0,0,0,0,0,0,0,0,0,0,0,0,0,0,0,0,0,0,0,0,0,0,0,0,0,0,0,0,0,0,0,0,0,0,0,0,0,0,0,0,
0,0,0,0,0,0,0,0,0,0,77,65,213,0,0,209,65,105,65,65,65,65,65,103,65,65,65,65,65,78,77,65,65,65,65,65,65,65,103,105,65,65,65,65,65,65,103,65,65,65,65,65,65,65,103,65,65,105,65,65,65,65,65,78,0,0,0,0,0,0,
0,0,0,0,0,0,0,0,0,0,68,0,0,0,0,0,0,0,0,0,0,0,0,0,0,0,0,0,0,66,68,0,0,0,0,0,0,0,0,0,0,0,0,0,0,0,0,0,0,0,0,0,0,0,0,0,0,0,0,0,0,0,0,66,0,0,0,0,0,0,
0,0,0,0,0,0,0,0,0,0,68,0,0,0,0,0,0,0,0,0,0,0,0,0,0,0,0,0,0,66,68,0,0,0,0,0,0,0,0,0,0,0,0,0,0,0,0,0,0,0,0,0,0,0,0,0,0,0,0,0,0,0,0,66,0,0,0,0,0,0,
0,0,0,0,0,0,0,0,0,0,68,0,0,0,0,0,0,0,0,0,0,0,0,0,0,0,0,0,0,116,112,0,0,0,0,0,0,0,0,0,0,0,0,0,0,0,0,0,0,0,0,0,0,0,0,0,0,0,0,0,0,0,0,66,0,0,0,0,0,0,
0,0,0,0,0,0,0,0,0,0,68,0,0,0,0,0,0,0,0,0,0,0,0,0,0,0,0,0,0,66,68,0,0,0,0,0,0,0,0,0,0,0,0,0,0,0,0,0,0,0,0,0,133,0,0,0,133,0,0,0,0,0,0,66,0,0,0,0,0,0,
0,0,0,0,0,0,0,0,0,0,68,0,0,0,0,0,0,0,0,0,0,0,0,0,0,0,0,0,0,66,68,0,0,0,0,0,0,0,0,0,0,0,0,0,0,0,0,0,0,0,0,0,137,0,0,0,137,0,0,0,0,0,0,66,0,0,0,0,0,0,
0,0,0,0,0,0,0,0,0,0,76,67,67,67,67,67,67,67,67,67,67,67,67,67,67,67,67,67,67,79,68,0,0,0,0,0,0,0,0,0,0,0,0,0,0,0,0,0,0,0,0,0,0,0,0,0,0,0,0,0,0,0,0,66,0,0,0,0,0,0,
0,0,0,0,0,0,0,0,0,0,77,65,65,103,65,65,65,101,101,101,65,65,65,103,65,101,65,65,65,78,68,0,0,0,0,133,0,0,0,133,0,0,167,0,0,0,0,0,0,0,0,167,0,0,0,0,0,0,0,0,0,0,0,66,0,0,0,0,0,0,
0,0,0,0,0,0,0,0,0,0,68,0,0,0,0,133,0,0,0,0,0,163,0,0,161,0,0,0,0,66,104,0,0,0,0,137,0,0,0,137,0,0,0,0,0,0,91,88,0,0,0,0,0,0,0,0,0,0,0,0,0,0,0,66,0,0,0,0,0,0,
0,0,0,0,0,0,0,0,0,0,68,0,0,0,0,0,0,0,0,0,0,0,0,0,0,0,0,0,0,66,64,147,0,0,0,0,0,0,0,0,0,0,0,0,0,0,82,80,0,0,0,0,0,0,0,0,0,0,0,0,0,0,0,66,0,0,0,0,0,0,
0,0,0,0,0,0,0,0,0,0,68,0,0,132,0,0,0,0,0,0,0,0,0,0,0,0,0,0,0,66,64,0,0,0,0,0,0,0,0,0,0,0,0,0,0,0,82,80,0,0,0,0,0,0,0,0,0,0,0,0,0,0,0,66,0,0,0,0,0,0,
0,0,0,0,0,0,0,0,0,0,102,0,0,0,0,0,167,0,0,0,0,0,0,0,0,0,0,0,0,66,64,147,0,0,0,0,0,0,0,0,0,0,0,0,0,0,82,80,0,0,0,0,0,0,0,0,0,0,0,0,0,0,0,66,0,0,0,0,0,0,
0,0,0,0,0,0,0,0,0,0,68,0,0,0,0,0,0,0,0,0,0,0,0,0,0,0,0,0,0,66,102,163,0,0,0,0,0,0,0,0,0,0,0,0,0,0,82,80,0,0,0,0,0,0,133,0,0,0,0,0,0,0,0,66,0,0,0,0,0,0,
0,0,0,0,0,0,0,0,0,0,68,0,0,0,0,0,0,0,0,0,0,0,0,0,0,0,0,0,0,66,64,0,0,0,0,0,133,0,0,0,133,0,0,0,0,0,82,80,0,0,0,0,0,0,137,0,0,0,0,133,0,0,0,66,0,0,0,0,0,0,
0,0,0,0,0,0,0,0,0,0,68,0,0,0,0,0,0,0,0,0,0,0,0,0,0,0,0,0,0,66,64,162,0,0,0,0,137,0,0,0,137,0,0,0,0,0,82,80,0,0,0,0,0,0,0,0,0,0,0,137,0,0,0,66,0,0,0,0,0,0,
0,0,0,0,0,0,0,0,0,0,104,0,0,132,0,0,0,0,0,0,0,74,107,103,107,73,0,0,0,66,64,146,0,0,0,0,0,0,0,0,0,0,0,0,0,0,82,80,0,0,0,0,0,0,0,0,0,0,0,0,0,0,0,66,0,0,0,0,0,0,
0,0,0,0,0,0,0,0,0,0,68,0,0,0,0,0,0,0,0,0,0,0,0,133,0,0,0,0,0,66,64,146,146,0,0,0,0,0,0,0,0,0,0,0,0,0,82,80,0,0,0,0,0,0,0,0,0,0,0,0,0,0,0,66,0,0,0,0,0,0,
0,0,0,0,0,0,0,0,0,0,68,0,0,0,0,0,0,0,0,0,0,0,0,0,0,0,0,0,0,66,64,146,146,0,0,0,0,0,0,0,0,0,0,0,0,0,82,80,0,0,0,0,0,0,0,0,0,0,0,0,0,0,0,66,0,0,0,0,0,0,
0,0,0,0,0,0,0,0,0,0,102,0,136,0,0,167,0,0,0,0,0,0,0,0,0,0,0,0,0,66,64,146,162,0,0,0,132,136,0,0,0,0,0,0,0,0,82,80,0,0,0,0,0,0,0,132,136,0,0,0,0,0,0,66,0,0,0,0,0,0,
0,0,0,0,0,0,0,0,0,0,68,0,0,0,0,0,0,0,0,0,0,0,137,137,137,137,0,0,0,66,64,162,0,0,0,0,0,0,0,0,0,0,0,0,0,0,82,80,0,0,0,0,0,0,0,0,0,0,0,0,0,0,0,66,0,0,0,0,0,0,
0,0,0,0,0,0,0,0,0,0,68,0,0,0,0,0,0,0,0,0,0,0,0,0,0,0,0,0,0,66,64,146,0,0,0,0,0,0,0,0,0,0,0,0,0,0,90,89,0,0,0,0,0,0,0,0,0,0,0,0,0,0,0,66,0,0,0,0,0,0,
0,0,0,0,0,0,0,0,0,0,100,0,0,0,0,0,0,0,0,0,0,0,0,0,0,0,0,0,0,66,64,146,0,0,0,0,132,136,0,0,0,0,167,0,0,0,0,0,0,0,0,167,0,0,0,0,0,0,0,0,0,0,0,66,0,0,0,0,0,0,
0,0,0,0,0,0,0,0,0,0,100,0,0,0,0,0,0,0,0,0,0,0,137,137,137,137,0,0,0,66,102,0,0,0,0,0,0,0,0,0,0,0,0,0,0,0,0,0,0,0,0,0,0,0,0,132,136,0,0,0,0,0,0,66,0,0,0,0,0,0,
0,0,0,0,0,0,0,0,0,0,68,136,0,0,0,0,0,0,0,0,0,0,0,0,0,0,0,0,0,66,104,0,0,0,0,0,0,0,0,0,0,0,0,0,0,0,0,0,0,0,0,0,0,0,0,0,0,0,0,0,0,0,0,66,0,0,0,0,0,0,
0,0,0,0,0,0,0,0,0,0,68,0,0,0,0,0,0,0,0,0,0,0,0,0,0,0,0,0,0,66,64,0,0,0,0,0,0,0,0,0,0,0,0,0,0,0,0,0,0,0,0,0,0,0,0,0,0,0,0,0,0,0,0,66,0,0,0,0,0,0,
0,0,0,0,0,0,0,0,0,0,102,163,0,0,0,0,0,0,0,0,0,0,137,137,137,137,0,0,0,66,64,0,0,0,0,0,0,0,0,0,0,0,0,0,0,0,0,0,0,0,0,0,0,0,0,0,0,0,0,0,0,0,0,66,0,0,0,0,0,0,
0,0,0,0,0,0,0,0,0,0,68,147,0,0,0,0,0,0,0,0,0,0,0,0,0,0,0,0,0,66,64,0,0,0,0,0,0,0,0,0,0,0,0,0,0,0,0,0,0,0,0,0,0,0,0,0,0,0,0,0,0,0,0,66,0,0,0,0,0,0,
0,0,0,0,0,0,0,0,0,0,68,0,0,0,0,0,0,0,0,0,0,0,0,0,0,0,0,0,0,66,64,0,0,0,0,0,0,0,0,0,0,0,0,0,0,0,0,0,0,0,0,0,0,0,0,0,0,0,0,0,0,0,0,66,0,0,0,0,0,0,
0,0,0,0,0,0,0,0,0,0,68,0,0,0,0,0,0,0,0,0,0,0,0,0,0,0,0,0,0,66,64,0,0,0,0,0,0,0,0,0,0,0,0,0,0,0,0,0,0,0,0,0,0,0,0,0,0,0,0,0,0,0,0,66,0,0,0,0,0,0,
0,0,0,0,0,0,0,0,0,0,68,0,0,0,0,0,0,0,0,0,0,0,0,0,0,0,0,0,0,66,64,0,0,0,0,0,0,0,0,0,0,0,0,0,0,0,0,0,0,0,0,0,0,0,0,0,0,0,0,0,0,0,0,66,0,0,0,0,0,0,
0,0,0,0,0,0,0,0,0,0,68,0,0,0,0,0,0,0,0,0,0,0,0,0,0,0,0,0,0,66,64,0,0,0,0,0,0,0,0,0,0,0,0,0,0,0,0,0,0,0,0,0,0,0,0,0,0,0,0,0,0,0,0,66,0,0,0,0,0,0,
0,0,0,0,0,0,0,0,0,0,76,67,67,67,67,67,67,67,67,67,67,117,67,67,67,67,67,67,67,79,76,67,67,67,67,67,67,67,67,67,67,67,67,67,67,67,67,67,67,67,67,67,67,67,117,67,67,67,67,67,67,67,67,79,0,0,0,0,0,0,
0,77,69,69,69,69,69,103,69,69,69,105,69,69,69,69,103,69,69,69,69,113,69,69,69,103,69,69,69,69,69,69,69,69,103,69,105,69,69,69,69,69,103,69,105,69,69,69,69,69,69,103,69,69,113,69,69,69,69,69,69,69,69,78,0,0,0,0,0,0,
0,68,0,0,0,0,0,0,0,0,0,0,0,0,0,0,0,0,0,0,0,0,0,0,0,0,0,0,0,0,0,0,0,0,0,0,0,0,0,0,0,0,0,0,0,0,0,0,0,0,0,0,0,0,0,0,0,0,0,0,0,0,0,66,0,0,0,0,0,0,
0,68,0,0,0,0,0,0,0,0,0,0,0,0,0,0,0,0,0,0,0,0,0,0,0,0,0,0,0,0,0,0,0,0,0,0,0,0,0,0,0,0,0,0,0,0,0,0,0,0,0,0,0,0,0,0,0,0,0,0,0,0,0,66,0,0,0,0,0,0,
0,68,0,0,0,0,0,0,0,0,0,0,0,0,0,0,0,0,0,0,0,0,0,0,0,0,0,0,0,0,0,0,0,0,0,0,0,0,0,0,0,0,0,0,0,0,0,0,0,0,0,0,0,0,0,0,0,0,0,0,0,0,0,66,0,0,0,0,0,0,
0,68,0,0,0,0,0,0,0,0,0,0,0,0,0,0,0,0,0,0,0,0,0,0,0,0,0,0,0,0,0,0,0,0,0,0,0,0,0,0,0,0,0,0,0,0,0,0,0,0,0,0,0,0,0,0,0,0,0,0,0,0,0,66,0,0,0,0,0,0,
0,68,0,0,0,0,0,0,0,0,0,0,0,0,0,0,0,0,0,0,0,0,0,0,0,0,0,0,0,0,0,0,0,0,0,0,0,0,0,0,0,0,0,0,0,0,0,0,0,0,0,0,0,0,0,0,0,0,0,0,0,0,0,66,0,0,0,0,0,0,
0,68,0,0,0,0,0,75,67,67,67,67,117,67,67,67,67,67,67,67,117,67,67,67,67,67,67,67,67,117,67,67,67,67,67,67,67,67,117,67,67,67,67,67,67,67,67,67,117,67,67,67,67,67,67,67,67,67,117,67,67,67,67,79,0,0,0,0,0,0,
0,102,0,0,0,0,0,66,77,65,65,65,113,65,65,65,78,77,65,65,113,65,65,65,65,78,77,65,65,113,65,65,65,65,78,77,65,65,113,65,65,65,65,78,77,65,65,65,113,65,65,65,78,77,65,65,65,65,113,65,65,65,65,78,0,0,0,0,0,0,
0,68,0,0,0,0,0,66,68,145,0,0,0,0,0,0,66,64,160,0,0,0,0,0,0,66,64,0,0,0,0,160,0,0,66,64,137,0,0,0,0,0,0,66,64,0,0,0,0,0,0,0,66,64,0,0,0,0,0,0,0,0,0,66,0,0,0,0,0,0,
0,68,0,0,0,0,0,66,68,0,0,0,0,0,0,0,66,64,0,0,0,0,0,0,0,66,64,0,0,0,0,0,0,0,66,64,0,0,0,0,0,0,0,66,64,0,0,0,0,0,0,0,66,64,0,0,0,0,0,0,0,0,0,66,0,0,0,0,0,0,
0,68,0,0,0,0,0,66,68,0,0,0,0,202,203,0,66,64,0,0,0,0,0,0,0,66,100,205,0,0,0,0,0,0,66,64,0,0,0,0,0,0,0,66,64,144,0,0,0,0,0,0,66,64,136,0,0,0,0,0,0,0,0,66,0,0,0,0,0,0,
0,68,0,0,0,0,0,66,68,136,0,0,0,0,0,0,66,64,0,0,0,0,0,0,0,66,64,204,0,0,0,0,0,0,66,64,0,205,0,0,0,0,0,66,64,0,0,0,0,0,0,0,66,100,0,0,0,0,0,0,0,0,0,66,0,0,0,0,0,0,
0,68,0,0,0,0,0,66,68,0,0,0,0,0,0,0,66,64,0,202,203,0,0,0,0,66,64,0,0,0,0,0,0,0,66,64,0,204,0,0,0,0,0,66,64,0,0,0,0,0,0,0,66,64,0,0,0,202,203,144,0,0,0,66,0,0,0,0,0,0,
0,68,0,0,0,0,0,66,68,0,0,0,0,0,0,0,66,64,0,0,0,0,0,0,0,66,64,0,0,0,0,0,0,0,66,64,0,0,0,0,0,0,0,66,64,202,203,0,0,0,0,0,66,64,0,0,0,0,0,0,0,0,0,66,0,0,0,0,0,0,
0,68,0,0,0,0,0,66,68,0,0,0,0,0,0,0,66,64,0,0,0,0,0,0,0,66,64,0,0,0,0,0,0,0,66,64,0,0,0,0,0,0,0,66,64,0,0,0,0,0,0,0,66,64,0,0,0,0,0,0,0,0,0,66,0,0,0,0,0,0,
0,102,0,0,0,0,0,66,76,67,67,67,67,67,67,67,79,76,67,67,67,67,67,67,67,79,76,67,67,67,67,67,67,67,79,76,67,67,67,67,67,67,67,79,76,67,67,67,67,67,67,67,79,76,67,67,67,67,67,67,67,67,67,79,0,0,0,0,0,0,
0,68,0,0,0,0,0,66,77,65,65,103,65,65,65,65,78,77,65,65,65,103,65,65,65,78,77,65,65,65,103,65,65,65,78,77,65,65,103,65,65,65,65,78,77,65,65,65,103,65,65,65,78,77,65,65,65,103,65,65,65,65,65,78,0,0,0,0,0,0,
0,68,0,0,0,0,0,66,68,163,161,0,0,137,0,0,66,64,0,160,0,0,0,0,0,66,64,0,0,0,0,137,0,0,66,64,0,0,0,202,203,0,0,66,64,0,202,203,0,145,0,0,66,64,160,0,0,0,0,0,0,0,0,66,0,0,0,0,0,0,
0,68,0,0,0,0,0,66,100,0,0,0,0,0,0,0,66,64,0,0,0,205,0,0,0,66,64,0,205,0,0,0,0,0,66,64,0,0,0,0,0,0,0,66,64,136,0,0,0,0,0,0,66,64,0,0,0,0,0,205,0,0,0,66,0,0,0,0,0,0,
0,68,0,0,0,0,0,66,68,0,0,0,0,0,0,0,66,100,0,0,0,204,0,0,0,66,64,0,204,0,0,0,0,0,66,64,136,0,0,0,0,0,0,66,100,0,0,0,0,0,0,0,66,64,136,0,0,0,0,204,0,0,0,66,0,0,0,0,0,0,
0,104,0,0,0,0,0,66,68,160,0,0,0,0,0,0,66,100,0,0,0,0,0,0,0,66,64,0,0,0,0,0,0,0,66,64,0,0,0,0,0,0,0,66,64,0,0,0,0,0,0,0,66,100,0,0,0,0,0,0,0,0,0,66,0,0,0,0,0,0,
0,68,0,0,0,0,0,66,68,0,0,0,0,0,0,0,66,64,136,0,0,0,0,0,0,66,64,0,0,0,0,0,0,0,66,64,136,0,0,0,0,0,0,66,64,0,0,0,0,0,0,0,66,64,0,0,0,0,0,0,0,0,0,66,0,0,0,0,0,0,
0,68,0,0,0,0,0,66,68,0,0,0,0,0,0,0,66,64,0,0,0,0,0,0,0,66,64,0,0,0,0,0,0,0,66,64,0,0,0,0,0,0,0,66,64,0,0,0,0,0,0,0,66,64,0,0,0,0,0,0,0,0,0,66,0,0,0,0,0,0,
0,68,0,0,0,0,0,66,68,0,0,0,0,0,0,0,66,64,0,0,0,0,0,0,0,66,64,0,0,0,0,0,0,0,66,64,0,0,0,0,0,0,0,66,64,0,0,0,0,0,0,0,66,64,0,0,0,0,0,0,0,0,0,66,0,0,0,0,0,0,
0,102,0,0,0,0,0,66,76,67,67,67,67,117,67,67,79,76,67,67,67,67,117,67,67,79,76,67,67,67,67,117,67,67,79,76,67,67,67,67,117,67,67,79,76,67,67,67,67,117,67,67,79,76,67,67,67,67,117,67,67,67,67,79,0,0,0,0,0,0,
0,68,0,0,0,0,0,74,103,65,65,65,65,113,65,65,65,65,65,65,105,65,113,65,65,103,65,65,65,65,65,113,65,65,103,65,65,65,65,65,113,65,65,103,65,65,65,105,65,113,65,65,103,65,65,105,65,65,113,65,65,65,65,78,0,0,0,0,0,0,
0,68,0,0,0,0,0,0,0,0,0,0,0,0,0,0,0,0,0,0,0,0,0,0,0,0,0,0,0,0,0,0,0,0,0,0,0,0,0,0,0,0,0,0,0,0,0,0,0,0,0,0,0,0,0,0,0,0,0,0,0,0,0,66,0,0,0,0,0,0,
0,68,0,0,0,0,0,0,0,0,0,0,0,0,0,0,0,0,0,0,0,0,0,0,0,0,0,0,0,0,0,0,0,0,0,0,0,0,0,0,0,0,0,0,0,0,0,0,0,0,0,0,0,0,0,0,0,0,0,0,0,0,0,66,0,0,0,0,0,0,
0,68,0,0,0,0,0,0,0,0,0,0,0,0,0,0,0,0,0,0,0,0,0,0,0,0,0,0,0,0,0,0,0,0,0,0,0,0,0,0,0,0,0,0,0,0,0,0,0,0,0,0,0,0,0,0,0,0,0,0,0,0,0,66,0,0,0,0,0,0,
0,68,0,0,0,0,0,0,0,0,0,0,0,0,0,0,0,0,0,0,0,0,0,0,0,0,0,0,0,0,0,0,0,0,0,0,0,0,0,0,0,0,0,0,0,0,0,0,0,0,0,0,0,0,0,0,0,0,0,0,0,0,0,66,0,0,0,0,0,0,
0,68,0,0,0,0,0,0,0,0,0,0,0,0,0,0,0,0,0,0,0,0,0,0,0,0,0,0,0,0,0,0,0,0,0,0,0,0,0,0,0,0,0,0,0,0,0,0,0,0,0,0,0,0,0,0,0,0,0,0,0,0,0,66,0,0,0,0,0,0,
0,76,67,67,67,67,67,67,67,67,67,67,67,67,67,67,67,67,67,67,67,67,67,67,67,67,67,67,67,67,67,67,67,67,67,67,67,67,67,67,67,67,67,67,67,67,67,67,67,67,67,67,67,67,67,67,67,211,0,0,215,67,67,79,0,0,0,0,0,0,
0,0,0,0,0,0,0,0,0,0,0,0,0,0,0,0,0,0,0,0,0,0,0,0,0,0,0,0,0,0,0,0,0,0,0,0,0,0,0,0,0,0,0,0,0,0,0,0,0,0,0,0,0,0,0,0,0,0,0,0,0,0,0,0,0,0,0,0,0,0,
0,0,0,0,0,0,0,0,0,0,0,0,0,0,0,0,0,0,0,0,0,0,0,0,0,0,0,0,0,0,0,0,0,0,0,0,0,0,0,0,0,0,0,0,0,0,0,0,0,0,0,0,0,0,0,0,0,0,0,0,0,0,0,0,0,0,0,0,0,0

[layer]
type=collision
data=
3,3,3,3,3,3,3,3,3,3,3,3,3,3,3,3,3,3,3,3,3,3,3,3,3,3,3,3,3,3,3,3,3,3,3,3,3,3,3,3,3,3,3,3,3,3,3,3,3,3,3,3,3,3,3,3,3,3,3,3,3,3,3,3,3,3,3,3,3,3,
3,3,3,3,3,3,3,3,3,3,3,3,3,3,3,3,3,3,3,3,3,3,3,3,3,3,3,3,3,3,3,3,3,3,3,3,3,3,3,3,3,3,3,3,3,3,3,3,3,3,3,3,3,3,3,3,3,3,3,3,3,3,3,3,3,3,3,3,3,3,
3,3,3,3,3,3,3,3,3,3,3,3,3,3,3,3,3,3,3,3,3,3,3,3,3,3,3,3,3,3,3,3,3,3,3,3,3,3,3,3,3,3,3,3,3,3,3,3,3,3,3,3,3,3,3,3,3,3,3,3,3,3,3,3,3,3,3,3,3,3,
3,3,3,3,3,3,3,3,3,3,3,3,3,3,3,3,3,3,3,3,3,3,3,3,3,3,3,3,3,3,3,3,3,3,3,3,3,3,3,3,3,3,3,3,3,3,3,3,3,3,3,3,3,3,3,3,3,3,3,3,3,3,3,3,3,3,3,3,3,3,
3,3,3,3,3,3,3,3,3,3,1,1,1,0,0,1,1,1,1,1,1,1,1,1,1,1,1,1,1,1,1,1,1,1,1,1,1,1,1,1,1,1,1,1,1,1,1,1,1,1,1,1,1,1,1,1,1,1,1,1,1,1,1,1,3,3,3,3,3,3,
3,3,3,3,3,3,3,3,3,3,1,0,0,0,0,0,0,0,0,0,0,0,0,0,0,0,0,0,0,1,1,0,0,0,0,0,0,0,0,0,0,0,0,0,0,0,0,0,0,0,0,0,0,0,0,0,0,0,0,0,0,0,0,1,3,3,3,3,3,3,
3,3,3,3,3,3,3,3,3,3,1,0,0,0,0,0,0,0,0,0,0,0,0,0,0,0,0,0,0,1,1,0,0,0,0,0,0,0,0,0,0,0,0,0,0,0,0,0,0,0,0,0,0,0,0,0,0,0,0,0,0,0,0,1,3,3,3,3,3,3,
3,3,3,3,3,3,3,3,3,3,1,0,0,0,0,0,0,0,0,0,0,0,0,0,0,0,0,0,0,0,0,0,0,0,0,0,0,0,0,0,0,0,0,0,0,0,0,0,0,0,0,0,0,0,0,0,0,0,0,0,0,0,0,1,3,3,3,3,3,3,
3,3,3,3,3,3,3,3,3,3,1,0,0,0,0,0,0,0,0,0,0,0,0,0,0,0,0,0,0,1,1,0,0,0,0,0,0,0,0,0,0,0,0,0,0,0,0,0,0,0,0,0,2,0,0,0,2,0,0,0,0,0,0,1,3,3,3,3,3,3,
3,3,3,3,3,3,3,3,3,3,1,0,0,0,0,0,0,0,0,0,0,0,0,0,0,0,0,0,0,1,1,0,0,0,0,0,0,0,0,0,0,0,0,0,0,0,0,0,0,0,0,0,2,0,0,0,2,0,0,0,0,0,0,1,3,3,3,3,3,3,
3,3,3,3,3,3,3,3,3,3,1,1,1,1,1,1,1,1,1,1,1,1,1,1,1,1,1,1,1,1,1,0,0,0,0,0,0,0,0,0,0,0,0,0,0,0,0,0,0,0,0,0,0,0,0,0,0,0,0,0,0,0,0,1,3,3,3,3,3,3,
3,3,3,3,3,3,3,3,3,3,1,1,1,1,1,1,1,1,1,1,1,1,1,1,1,1,1,1,1,1,1,0,0,0,0,2,0,0,0,2,0,0,2,0,0,0,0,0,0,0,0,2,0,0,0,0,0,0,0,0,0,0,0,1,3,3,3,3,3,3,
3,3,3,3,3,3,3,3,3,3,1,0,0,0,0,2,0,0,0,0,0,2,0,0,2,0,0,0,0,1,1,0,0,0,0,2,0,0,0,2,0,0,0,0,0,0,2,2,0,0,0,0,0,0,0,0,0,0,0,0,0,0,0,1,3,3,3,3,3,3,
3,3,3,3,3,3,3,3,3,3,1,0,0,0,0,0,0,0,0,0,0,0,0,0,0,0,0,0,0,1,1,2,0,0,0,0,0,0,0,0,0,0,0,0,0,0,2,2,0,0,0,0,0,0,0,0,0,0,0,0,0,0,0,1,3,3,3,3,3,3,
3,3,3,3,3,3,3,3,3,3,1,0,0,2,0,0,0,0,0,0,0,0,0,0,0,0,0,0,0,1,1,0,0,0,0,0,0,0,0,0,0,0,0,0,0,0,2,2,0,0,0,0,0,0,0,0,0,0,0,0,0,0,0,1,3,3,3,3,3,3,
3,3,3,3,3,3,3,3,3,3,1,0,0,0,0,0,2,0,0,0,0,0,0,0,0,0,0,0,0,1,1,2,0,0,0,0,0,0,0,0,0,0,0,0,0,0,2,2,0,0,0,0,0,0,0,0,0,0,0,0,0,0,0,1,3,3,3,3,3,3,
3,3,3,3,3,3,3,3,3,3,1,0,0,0,0,0,0,0,0,0,0,0,0,0,0,0,0,0,0,1,1,2,0,0,0,0,0,0,0,0,0,0,0,0,0,0,2,2,0,0,0,0,0,0,2,0,0,0,0,0,0,0,0,1,3,3,3,3,3,3,
3,3,3,3,3,3,3,3,3,3,1,0,0,0,0,0,0,0,0,0,0,0,0,0,0,0,0,0,0,1,1,0,0,0,0,0,2,0,0,0,2,0,0,0,0,0,2,2,0,0,0,0,0,0,2,0,0,0,0,2,0,0,0,1,3,3,3,3,3,3,
3,3,3,3,3,3,3,3,3,3,1,0,0,0,0,0,0,0,0,0,0,0,0,0,0,0,0,0,0,1,1,2,0,0,0,0,2,0,0,0,2,0,0,0,0,0,2,2,0,0,0,0,0,0,0,0,0,0,0,2,0,0,0,1,3,3,3,3,3,3,
3,3,3,3,3,3,3,3,3,3,1,0,0,2,0,0,0,0,0,0,0,1,1,1,1,1,0,0,0,1,1,2,0,0,0,0,0,0,0,0,0,0,0,0,0,0,2,2,0,0,0,0,0,0,0,0,0,0,0,0,0,0,0,1,3,3,3,3,3,3,
3,3,3,3,3,3,3,3,3,3,1,0,0,0,0,0,0,0,0,0,0,0,0,0,0,0,0,0,0,1,1,2,2,0,0,0,0,0,0,0,0,0,0,0,0,0,2,2,0,0,0,0,0,0,0,0,0,0,0,0,0,0,0,1,3,3,3,3,3,3,
3,3,3,3,3,3,3,3,3,3,1,0,0,0,0,0,0,0,0,0,0,0,0,0,0,0,0,0,0,1,1,2,2,0,0,0,0,0,0,0,0,0,0,0,0,0,2,2,0,0,0,0,0,0,0,0,0,0,0,0,0,0,0,1,3,3,3,3,3,3,
3,3,3,3,3,3,3,3,3,3,1,0,2,0,0,2,0,0,0,0,0,0,0,0,0,0,0,0,0,1,1,2,2,0,0,0,2,2,0,0,0,0,0,0,0,0,2,2,0,0,0,0,0,0,0,2,2,0,0,0,0,0,0,1,3,3,3,3,3,3,
3,3,3,3,3,3,3,3,3,3,1,0,0,0,0,0,0,0,0,0,0,0,2,2,2,2,0,0,0,1,1,2,0,0,0,0,0,0,0,0,0,0,0,0,0,0,2,2,0,0,0,0,0,0,0,0,0,0,0,0,0,0,0,1,3,3,3,3,3,3,
3,3,3,3,3,3,3,3,3,3,1,0,0,0,0,0,0,0,0,0,0,0,0,0,0,0,0,0,0,1,1,2,0,0,0,0,0,0,0,0,0,0,0,0,0,0,2,2,0,0,0,0,0,0,0,0,0,0,0,0,0,0,0,1,3,3,3,3,3,3,
3,3,3,3,3,3,3,3,3,3,1,0,0,0,0,0,0,0,0,0,0,0,0,0,0,0,0,0,0,1,1,2,0,0,0,0,2,2,0,0,0,0,2,0,0,0,0,0,0,0,0,2,0,0,0,0,0,0,0,0,0,0,0,1,3,3,3,3,3,3,
3,3,3,3,3,3,3,3,3,3,1,0,0,0,0,0,0,0,0,0,0,0,2,2,2,2,0,0,0,1,1,0,0,0,0,0,0,0,0,0,0,0,0,0,0,0,0,0,0,0,0,0,0,0,0,2,2,0,0,0,0,0,0,1,3,3,3,3,3,3,
3,3,3,3,3,3,3,3,3,3,1,2,0,0,0,0,0,0,0,0,0,0,0,0,0,0,0,0,0,1,1,0,0,0,0,0,0,0,0,0,0,0,0,0,0,0,0,0,0,0,0,0,0,0,0,0,0,0,0,0,0,0,0,1,3,3,3,3,3,3,
3,3,3,3,3,3,3,3,3,3,1,0,0,0,0,0,0,0,0,0,0,0,0,0,0,0,0,0,0,1,1,0,0,0,0,0,0,0,0,0,0,0,0,0,0,0,0,0,0,0,0,0,0,0,0,0,0,0,0,0,0,0,0,1,3,3,3,3,3,3,
3,3,3,3,3,3,3,3,3,3,1,2,0,0,0,0,0,0,0,0,0,0,2,2,2,2,0,0,0,1,1,0,0,0,0,0,0,0,0,0,0,0,0,0,0,0,0,0,0,0,0,0,0,0,0,0,0,0,0,0,0,0,0,1,3,3,3,3,3,3,
3,3,3,3,3,3,3,3,3,3,1,2,0,0,0,0,0,0,0,0,0,0,0,0,0,0,0,0,0,1,1,0,0,0,0,0,0,0,0,0,0,0,0,0,0,0,0,0,0,0,0,0,0,0,0,0,0,0,0,0,0,0,0,1,3,3,3,3,3,3,
3,3,3,3,3,3,3,3,3,3,1,0,0,0,0,0,0,0,0,0,0,0,0,0,0,0,0,0,0,1,1,0,0,0,0,0,0,0,0,0,0,0,0,0,0,0,0,0,0,0,0,0,0,0,0,0,0,0,0,0,0,0,0,1,3,3,3,3,3,3,
3,3,3,3,3,3,3,3,3,3,1,0,0,0,0,0,0,0,0,0,0,0,0,0,0,0,0,0,0,1,1,0,0,0,0,0,0,0,0,0,0,0,0,0,0,0,0,0,0,0,0,0,0,0,0,0,0,0,0,0,0,0,0,1,3,3,3,3,3,3,
3,3,3,3,3,3,3,3,3,3,1,0,0,0,0,0,0,0,0,0,0,0,0,0,0,0,0,0,0,1,1,0,0,0,0,0,0,0,0,0,0,0,0,0,0,0,0,0,0,0,0,0,0,0,0,0,0,0,0,0,0,0,0,1,3,3,3,3,3,3,
3,3,3,3,3,3,3,3,3,3,1,0,0,0,0,0,0,0,0,0,0,0,0,0,0,0,0,0,0,1,1,0,0,0,0,0,0,0,0,0,0,0,0,0,0,0,0,0,0,0,0,0,0,0,0,0,0,0,0,0,0,0,0,1,3,3,3,3,3,3,
3,3,3,3,3,3,3,3,3,3,1,1,1,1,1,1,1,1,1,1,1,0,1,1,1,1,1,1,1,1,1,1,1,1,1,1,1,1,1,1,1,1,1,1,1,1,1,1,1,1,1,1,1,1,0,1,1,1,1,1,1,1,1,1,3,3,3,3,3,3,
3,1,1,1,1,1,1,1,1,1,1,1,1,1,1,1,1,1,1,1,1,0,1,1,1,1,1,1,1,1,1,1,1,1,1,1,1,1,1,1,1,1,1,1,1,1,1,1,1,1,1,1,1,1,0,1,1,1,1,1,1,1,1,1,3,3,3,3,3,3,
3,1,0,0,0,0,0,0,0,0,0,0,0,0,0,0,0,0,0,0,0,0,0,0,0,0,0,0,0,0,0,0,0,0,0,0,0,0,0,0,0,0,0,0,0,0,0,0,0,0,0,0,0,0,0,0,0,0,0,0,0,0,0,1,3,3,3,3,3,3,
3,1,0,0,0,0,0,0,0,0,0,0,0,0,0,0,0,0,0,0,0,0,0,0,0,0,0,0,0,0,0,0,0,0,0,0,0,0,0,0,0,0,0,0,0,0,0,0,0,0,0,0,0,0,0,0,0,0,0,0,0,0,0,1,3,3,3,3,3,3,
3,1,0,0,0,0,0,0,0,0,0,0,0,0,0,0,0,0,0,0,0,0,0,0,0,0,0,0,0,0,0,0,0,0,0,0,0,0,0,0,0,0,0,0,0,0,0,0,0,0,0,0,0,0,0,0,0,0,0,0,0,0,0,1,3,3,3,3,3,3,
3,1,0,0,0,0,0,0,0,0,0,0,0,0,0,0,0,0,0,0,0,0,0,0,0,0,0,0,0,0,0,0,0,0,0,0,0,0,0,0,0,0,0,0,0,0,0,0,0,0,0,0,0,0,0,0,0,0,0,0,0,0,0,1,3,3,3,3,3,3,
3,1,0,0,0,0,0,0,0,0,0,0,0,0,0,0,0,0,0,0,0,0,0,0,0,0,0,0,0,0,0,0,0,0,0,0,0,0,0,0,0,0,0,0,0,0,0,0,0,0,0,0,0,0,0,0,0,0,0,0,0,0,0,1,3,3,3,3,3,3,
3,1,0,0,0,0,0,1,1,1,1,1,0,1,1,1,1,1,1,1,0,1,1,1,1,1,1,1,1,0,1,1,1,1,1,1,1,1,0,1,1,1,1,1,1,1,1,1,0,1,1,1,1,1,1,1,1,1,0,1,1,1,1,1,3,3,3,3,3,3,
3,1,0,0,0,0,0,1,1,1,1,1,0,1,1,1,1,1,1,1,0,1,1,1,1,1,1,1,1,0,1,1,1,1,1,1,1,1,0,1,1,1,1,1,1,1,1,1,0,1,1,1,1,1,1,1,1,1,0,1,1,1,1,1,3,3,3,3,3,3,
3,1,0,0,0,0,0,1,1,2,0,0,0,0,0,0,1,1,2,0,0,0,0,0,0,1,1,0,0,0,0,2,0,0,1,1,2,0,0,0,0,0,0,1,1,0,0,0,0,0,0,0,1,1,0,0,0,0,0,0,0,0,0,1,3,3,3,3,3,3,
3,1,0,0,0,0,0,1,1,0,0,0,0,0,0,0,1,1,0,0,0,0,0,0,0,1,1,0,0,0,0,0,0,0,1,1,0,0,0,0,0,0,0,1,1,0,0,0,0,0,0,0,1,1,0,0,0,0,0,0,0,0,0,1,3,3,3,3,3,3,
3,1,0,0,0,0,0,1,1,0,0,0,0,2,2,0,1,1,0,0,0,0,0,0,0,1,1,2,0,0,0,0,0,0,1,1,0,0,0,0,0,0,0,1,1,2,0,0,0,0,0,0,1,1,2,0,0,0,0,0,0,0,0,1,3,3,3,3,3,3,
3,1,0,0,0,0,0,1,1,2,0,0,0,0,0,0,1,1,0,0,0,0,0,0,0,1,1,2,0,0,0,0,0,0,1,1,0,2,0,0,0,0,0,1,1,0,0,0,0,0,0,0,1,1,0,0,0,0,0,0,0,0,0,1,3,3,3,3,3,3,
3,1,0,0,0,0,0,1,1,0,0,0,0,0,0,0,1,1,0,2,2,0,0,0,0,1,1,0,0,0,0,0,0,0,1,1,0,2,0,0,0,0,0,1,1,0,0,0,0,0,0,0,1,1,0,0,0,2,2,2,0,0,0,1,3,3,3,3,3,3,
3,1,0,0,0,0,0,1,1,0,0,0,0,0,0,0,1,1,0,0,0,0,0,0,0,1,1,0,0,0,0,0,0,0,1,1,0,0,0,0,0,0,0,1,1,2,2,0,0,0,0,0,1,1,0,0,0,0,0,0,0,0,0,1,3,3,3,3,3,3,
3,1,0,0,0,0,0,1,1,0,0,0,0,0,0,0,1,1,0,0,0,0,0,0,0,1,1,0,0,0,0,0,0,0,1,1,0,0,0,0,0,0,0,1,1,0,0,0,0,0,0,0,1,1,0,0,0,0,0,0,0,0,0,1,3,3,3,3,3,3,
3,1,0,0,0,0,0,1,1,1,1,1,1,1,1,1,1,1,1,1,1,1,1,1,1,1,1,1,1,1,1,1,1,1,1,1,1,1,1,1,1,1,1,1,1,1,1,1,1,1,1,1,1,1,1,1,1,1,1,1,1,1,1,1,3,3,3,3,3,3,
3,1,0,0,0,0,0,1,1,1,1,1,1,1,1,1,1,1,1,1,1,1,1,1,1,1,1,1,1,1,1,1,1,1,1,1,1,1,1,1,1,1,1,1,1,1,1,1,1,1,1,1,1,1,1,1,1,1,1,1,1,1,1,1,3,3,3,3,3,3,
3,1,0,0,0,0,0,1,1,2,2,0,0,2,0,0,1,1,0,2,0,0,0,0,0,1,1,0,0,0,0,2,0,0,1,1,0,0,0,2,2,0,0,1,1,0,2,2,0,2,0,0,1,1,2,0,0,0,0,0,0,0,0,1,3,3,3,3,3,3,
3,1,0,0,0,0,0,1,1,0,0,0,0,0,0,0,1,1,0,0,0,2,0,0,0,1,1,0,2,0,0,0,0,0,1,1,0,0,0,0,0,0,0,1,1,2,0,0,0,0,0,0,1,1,0,0,0,0,0,2,0,0,0,1,3,3,3,3,3,3,
3,1,0,0,0,0,0,1,1,0,0,0,0,0,0,0,1,1,0,0,0,2,0,0,0,1,1,0,2,0,0,0,0,0,1,1,2,0,0,0,0,0,0,1,1,0,0,0,0,0,0,0,1,1,2,0,0,0,0,2,0,0,0,1,3,3,3,3,3,3,
3,1,0,0,0,0,0,1,1,2,0,0,0,0,0,0,1,1,0,0,0,0,0,0,0,1,1,0,0,0,0,0,0,0,1,1,0,0,0,0,0,0,0,1,1,0,0,0,0,0,0,0,1,1,0,0,0,0,0,0,0,0,0,1,3,3,3,3,3,3,
3,1,0,0,0,0,0,1,1,0,0,0,0,0,0,0,1,1,2,0,0,0,0,0,0,1,1,0,0,0,0,0,0,0,1,1,2,0,0,0,0,0,0,1,1,0,0,0,0,0,0,0,1,1,0,0,0,0,0,0,0,0,0,1,3,3,3,3,3,3,
3,1,0,0,0,0,0,1,1,0,0,0,0,0,0,0,1,1,0,0,0,0,0,0,0,1,1,0,0,0,0,0,0,0,1,1,0,0,0,0,0,0,0,1,1,0,0,0,0,0,0,0,1,1,0,0,0,0,0,0,0,0,0,1,3,3,3,3,3,3,
3,1,0,0,0,0,0,1,1,0,0,0,0,0,0,0,1,1,0,0,0,0,0,0,0,1,1,0,0,0,0,0,0,0,1,1,0,0,0,0,0,0,0,1,1,0,0,0,0,0,0,0,1,1,0,0,0,0,0,0,0,0,0,1,3,3,3,3,3,3,
3,1,0,0,0,0,0,1,1,1,1,1,1,0,1,1,1,1,1,1,1,1,0,1,1,1,1,1,1,1,1,0,1,1,1,1,1,1,1,1,0,1,1,1,1,1,1,1,1,0,1,1,1,1,1,1,1,1,0,1,1,1,1,1,3,3,3,3,3,3,
3,1,0,0,0,0,0,1,1,1,1,1,1,0,1,1,1,1,1,1,1,1,0,1,1,1,1,1,1,1,1,0,1,1,1,1,1,1,1,1,0,1,1,1,1,1,1,1,1,0,1,1,1,1,1,1,1,1,0,1,1,1,1,1,3,3,3,3,3,3,
3,1,0,0,0,0,0,0,0,0,0,0,0,0,0,0,0,0,0,0,0,0,0,0,0,0,0,0,0,0,0,0,0,0,0,0,0,0,0,0,0,0,0,0,0,0,0,0,0,0,0,0,0,0,0,0,0,0,0,0,0,0,0,1,3,3,3,3,3,3,
3,1,0,0,0,0,0,0,0,0,0,0,0,0,0,0,0,0,0,0,0,0,0,0,0,0,0,0,0,0,0,0,0,0,0,0,0,0,0,0,0,0,0,0,0,0,0,0,0,0,0,0,0,0,0,0,0,0,0,0,0,0,0,1,3,3,3,3,3,3,
3,1,0,0,0,0,0,0,0,0,0,0,0,0,0,0,0,0,0,0,0,0,0,0,0,0,0,0,0,0,0,0,0,0,0,0,0,0,0,0,0,0,0,0,0,0,0,0,0,0,0,0,0,0,0,0,0,0,0,0,0,0,0,1,3,3,3,3,3,3,
3,1,0,0,0,0,0,0,0,0,0,0,0,0,0,0,0,0,0,0,0,0,0,0,0,0,0,0,0,0,0,0,0,0,0,0,0,0,0,0,0,0,0,0,0,0,0,0,0,0,0,0,0,0,0,0,0,0,0,0,0,0,0,1,3,3,3,3,3,3,
3,1,0,0,0,0,0,0,0,0,0,0,0,0,0,0,0,0,0,0,0,0,0,0,0,0,0,0,0,0,0,0,0,0,0,0,0,0,0,0,0,0,0,0,0,0,0,0,0,0,0,0,0,0,0,0,0,0,0,0,0,0,0,1,3,3,3,3,3,3,
3,1,1,1,1,1,1,1,1,1,1,1,1,1,1,1,1,1,1,1,1,1,1,1,1,1,1,1,1,1,1,1,1,1,1,1,1,1,1,1,1,1,1,1,1,1,1,1,1,1,1,1,1,1,1,1,1,1,0,0,1,1,1,1,3,3,3,3,3,3,
3,3,3,3,3,3,3,3,3,3,3,3,3,3,3,3,3,3,3,3,3,3,3,3,3,3,3,3,3,3,3,3,3,3,3,3,3,3,3,3,3,3,3,3,3,3,3,3,3,3,3,3,3,3,3,3,3,3,3,3,3,3,3,3,3,3,3,3,3,3,
3,3,3,3,3,3,3,3,3,3,3,3,3,3,3,3,3,3,3,3,3,3,3,3,3,3,3,3,3,3,3,3,3,3,3,3,3,3,3,3,3,3,3,3,3,3,3,3,3,3,3,3,3,3,3,3,3,3,3,3,3,3,3,3,3,3,3,3,3,3

[event]
# to asylum
type=on_trigger
location=58,67,2,1
intermap=maps/asylum.txt,25,5

[event]
# to asylum 3
type=on_trigger
location=13,4,2,1
intermap=maps/asylum3.txt,84,30

[npc]
# Bryn
type=bryn
location=19,55,1,1
requires_not_status=asylum_complete

[enemygroup]
# Spirit
type=spirit
location=11,12,18,20
level=10,16
number=8,10

[enemygroup]
# Spirit
type=spirit
location=2,37,60,22
level=10,16
number=10,20

[enemygroup]
# spirit
type=spirit
location=32,6,29,27
level=10,16
number=15,20

