[header]
width=50
height=50
tilewidth=64
tileheight=32
orientation=isometric
music=music/dungeon_theme.ogg
tileset=tilesetdefs/tileset_dungeon.txt
title=Ancient Dungeon Level 10

[tilesets]
tileset=../../tiled/dungeon/tiled_collision.png,64,32,0,0
tileset=../../tiled/dungeon/tiled_dungeon.png,64,128,0,0
tileset=../../tiled/dungeon/set_rules.png,64,32,0,0
tileset=../../tiled/dungeon/tiled_dungeon_2x2.png,128,64,0,16
tileset=../../tiled/dungeon/door_left.png,64,128,-16,-8
tileset=../../tiled/dungeon/door_right.png,64,128,16,-8
tileset=../../tiled/dungeon/stairs.png,256,256,0,48

[layer]
type=background
data=
17,18,18,16,18,17,17,16,17,17,17,18,17,17,16,18,17,18,17,17,16,17,18,18,16,18,16,16,17,17,17,18,18,18,16,18,17,18,17,16,17,16,17,17,17,17,18,17,16,16,
18,18,18,16,18,16,16,16,17,16,16,17,18,16,17,18,17,16,18,16,16,17,17,17,18,16,16,17,18,17,17,16,17,16,18,17,18,17,18,16,17,16,17,18,18,16,17,17,18,17,
18,18,16,18,17,17,17,16,16,17,17,18,16,17,16,17,18,18,18,18,17,16,17,17,18,17,18,17,16,17,16,18,16,17,18,18,17,16,17,18,16,17,17,16,18,18,17,18,18,16,
17,16,16,16,18,16,17,16,18,16,17,16,16,16,18,18,17,16,16,16,17,17,17,16,16,18,18,18,17,17,17,17,17,17,17,17,18,17,18,18,17,16,16,17,17,17,18,16,16,16,
17,18,16,17,16,16,16,18,18,18,17,16,17,17,16,18,18,16,17,17,18,17,18,16,18,16,16,16,18,18,16,18,16,17,16,17,16,16,16,16,17,16,17,16,17,16,17,18,16,16,
17,17,18,16,18,18,18,18,18,17,16,18,17,17,18,17,17,17,17,18,16,17,16,16,16,16,18,18,17,18,16,18,17,17,17,16,17,17,16,16,18,16,16,17,17,17,18,18,18,17,
18,18,17,16,18,16,18,16,18,17,18,18,18,16,18,16,16,18,16,16,18,17,18,16,17,17,16,16,16,16,16,17,17,18,16,18,18,17,16,18,18,18,18,18,16,17,17,17,16,16,
18,16,17,18,17,16,18,17,16,17,16,16,17,18,17,17,17,18,17,16,17,18,17,17,16,17,18,16,16,16,16,16,17,17,17,16,18,17,17,18,16,18,18,18,18,18,16,18,16,18,
16,18,16,16,17,18,16,18,18,18,17,17,18,17,18,17,18,18,18,16,16,18,16,18,17,17,16,16,17,17,17,16,18,16,18,17,18,17,16,17,18,18,18,18,16,16,18,18,17,18,
18,17,16,18,17,16,17,16,17,17,17,16,18,18,18,18,16,16,18,18,17,16,16,16,17,17,18,16,17,16,18,16,18,16,16,17,16,17,17,18,17,17,18,16,17,16,18,17,18,17,
18,18,18,18,17,16,16,16,17,18,17,16,18,16,16,16,18,16,17,17,16,18,18,17,17,17,16,18,17,18,16,16,16,18,17,16,18,17,16,17,16,16,17,16,17,16,16,17,17,18,
18,18,17,18,18,16,16,16,18,18,17,17,16,17,17,17,17,16,16,18,17,16,18,16,17,16,17,18,17,17,17,18,17,17,16,17,18,17,16,18,16,16,16,17,18,18,18,18,17,18,
17,18,16,16,16,17,16,17,16,16,16,17,16,17,16,17,17,18,17,18,17,17,18,17,16,16,16,16,18,17,16,16,17,18,18,16,18,18,16,16,16,18,17,18,18,16,18,18,16,17,
17,18,16,17,18,18,18,16,17,17,18,16,17,17,17,17,16,16,17,18,18,18,16,16,16,17,18,17,16,17,17,18,18,16,18,16,16,17,16,18,17,16,17,18,16,18,18,16,18,16,
17,18,16,17,17,17,17,18,17,16,16,17,16,18,17,17,18,16,18,18,18,16,16,17,17,17,17,16,18,16,16,18,17,17,17,18,18,18,17,16,16,17,16,16,18,17,16,16,16,18,
16,18,18,17,17,18,17,16,17,16,16,17,17,17,16,16,17,18,17,18,17,17,18,17,16,16,18,16,18,18,16,16,17,16,16,18,17,17,17,17,18,18,16,17,18,17,18,17,16,18,
18,18,16,17,18,16,17,17,18,16,16,16,17,18,17,18,18,17,18,17,16,17,18,16,17,17,17,18,17,18,17,17,17,17,17,16,16,17,18,18,16,16,16,16,17,17,16,18,17,18,
18,17,16,18,16,16,16,16,18,17,16,16,18,16,18,16,16,18,16,16,18,18,17,16,18,18,16,18,17,18,16,16,18,17,18,16,17,16,18,16,18,16,18,16,16,16,16,16,16,18,
17,16,16,16,17,18,16,17,17,17,16,17,17,16,17,18,16,16,17,17,17,18,17,16,18,16,17,16,18,18,16,18,17,18,18,18,16,17,16,17,18,16,16,17,16,18,16,16,16,18,
17,18,16,17,16,16,18,17,16,18,16,16,17,17,17,16,17,16,18,16,17,17,18,17,17,18,18,18,16,17,18,18,16,16,18,18,16,18,18,18,18,16,17,18,18,17,17,18,18,18,
16,16,16,17,18,17,18,17,18,16,17,18,18,18,16,16,16,18,16,17,17,18,18,18,18,16,17,18,16,17,16,17,17,17,18,18,18,18,17,16,16,17,18,16,16,17,16,16,18,17,
17,16,18,17,16,18,16,18,17,16,16,17,16,17,16,16,17,17,17,16,17,18,17,17,18,18,18,18,18,16,18,17,17,18,17,17,18,18,18,16,16,16,18,18,18,18,17,16,17,16,
18,16,17,17,16,18,17,16,17,18,16,18,18,17,17,17,16,16,17,16,17,17,18,17,18,17,17,17,18,16,18,17,17,16,17,17,16,18,18,17,18,16,17,17,17,18,17,16,17,17,
16,16,18,16,18,17,17,18,17,18,17,16,17,17,16,18,18,16,18,18,18,16,18,16,16,16,16,18,18,18,17,18,16,18,18,17,16,17,17,17,17,18,16,18,16,18,17,16,17,18,
17,17,16,16,16,18,17,17,16,17,17,16,16,17,16,18,16,18,16,16,17,16,17,18,16,17,17,17,17,17,18,17,16,16,18,16,16,18,17,17,18,16,17,17,16,18,16,18,18,16,
18,18,16,18,17,17,18,16,18,18,16,18,18,16,17,16,17,18,18,18,16,17,16,16,18,18,16,16,18,16,17,17,18,16,16,16,18,16,16,17,17,16,16,16,18,17,18,18,18,18,
17,17,18,18,17,18,17,17,17,18,16,18,16,18,18,18,17,17,16,17,17,17,16,16,18,18,18,18,16,16,18,16,16,17,18,18,18,17,17,18,18,18,17,18,16,17,17,18,18,18,
17,18,16,18,16,18,18,16,17,18,17,16,16,18,18,17,17,17,16,18,18,16,18,18,18,17,18,17,16,17,17,16,16,18,16,17,16,16,17,16,18,16,17,16,16,18,16,17,16,18,
17,16,17,16,18,18,16,16,17,16,16,16,18,18,16,17,17,18,16,16,18,18,18,17,18,16,18,16,16,16,16,18,17,18,16,17,17,16,17,17,16,16,18,16,17,17,16,17,16,17,
17,17,17,16,18,17,16,18,18,18,16,17,18,16,16,18,17,17,18,17,16,17,16,18,18,18,16,16,17,17,18,16,16,18,17,16,16,17,16,16,18,16,17,16,17,18,17,18,16,17,
17,16,17,16,17,16,16,17,16,17,18,18,17,17,18,16,17,18,17,17,17,18,18,16,18,16,18,16,17,16,18,18,18,17,17,16,17,17,18,16,18,16,17,18,17,18,17,18,16,18,
17,18,17,17,16,17,17,17,16,16,18,18,18,18,16,17,17,18,16,17,17,18,18,16,18,18,17,16,18,16,18,18,17,17,17,17,16,16,16,18,18,17,16,17,16,16,17,18,16,17,
16,17,18,17,16,18,17,18,18,17,18,17,18,17,18,16,17,17,18,16,16,17,17,18,17,18,16,17,17,18,18,17,18,18,17,17,17,17,17,18,16,17,17,16,16,18,17,18,18,17,
17,16,17,18,18,17,17,17,17,18,18,16,17,18,16,17,16,17,16,18,17,17,16,17,18,18,16,17,18,18,18,16,17,18,17,17,18,17,16,17,17,16,17,16,18,16,16,16,17,18,
16,16,16,16,16,17,16,18,18,17,17,16,17,16,16,17,17,18,16,16,18,17,18,18,16,18,17,17,17,16,16,16,18,17,17,17,18,16,16,17,18,17,16,16,16,16,17,18,18,18,
16,16,16,17,18,17,17,18,17,17,16,16,17,18,16,16,16,18,18,18,17,16,18,16,17,17,17,16,16,17,17,16,18,18,16,16,16,18,17,18,17,16,16,18,18,18,18,17,17,17,
16,16,16,18,17,18,17,18,18,18,16,17,17,17,16,16,17,16,17,18,17,17,18,18,16,16,17,18,16,17,18,17,18,18,16,17,18,16,17,16,16,18,17,17,18,18,18,16,17,18,
18,18,16,16,18,17,17,18,16,16,18,16,16,18,16,16,17,17,16,17,17,18,18,16,16,18,17,18,17,17,17,18,18,17,16,16,18,18,16,17,16,18,17,18,17,17,18,17,18,18,
17,16,18,16,17,17,16,17,16,17,18,18,16,17,16,18,16,17,18,18,17,17,17,17,17,17,16,17,18,18,17,16,16,17,18,16,17,18,16,16,17,17,16,16,17,16,16,17,16,18,
18,16,16,17,17,18,16,18,16,18,17,17,16,18,17,17,16,16,16,17,17,17,18,17,17,17,16,16,17,16,16,17,18,17,17,16,16,17,17,18,16,18,17,16,17,17,18,16,18,17,
16,17,16,18,18,16,16,18,17,17,16,16,17,16,16,17,18,18,16,17,16,16,17,18,18,18,18,17,16,16,17,16,16,18,16,17,16,18,17,16,18,17,17,17,18,17,17,18,17,17,
18,17,16,16,16,16,18,18,17,18,17,17,18,17,17,18,17,18,16,17,16,16,16,18,16,18,18,17,17,17,18,17,17,16,17,18,18,18,17,17,18,16,17,16,16,17,16,16,16,16,
16,16,16,16,18,17,18,18,16,18,17,16,18,18,18,16,17,17,16,17,16,18,17,16,16,16,16,16,16,16,18,17,17,18,18,17,17,18,16,17,17,16,17,18,18,16,17,18,17,16,
17,16,18,18,16,18,16,18,17,16,18,16,18,17,16,17,18,18,18,16,18,16,17,18,16,17,16,17,16,18,16,17,18,18,16,17,18,17,17,18,17,17,16,17,16,17,17,18,17,17,
17,17,17,16,17,18,18,17,17,18,18,16,18,17,16,17,18,18,18,17,17,16,18,18,16,17,18,18,18,16,16,16,18,18,16,17,16,16,18,17,17,16,17,16,18,16,16,17,16,17,
16,18,16,17,16,16,18,17,16,16,18,16,17,18,17,16,17,16,16,16,17,17,17,17,17,17,16,16,18,17,17,17,17,17,16,16,16,17,16,16,18,16,16,18,16,18,18,16,16,16,
16,16,16,18,17,16,17,18,17,16,17,18,18,17,17,17,16,16,18,16,16,17,16,16,16,16,18,17,16,18,17,17,18,17,18,16,18,16,18,16,18,18,17,16,17,18,17,18,16,17,
17,17,18,18,16,17,16,17,16,17,18,16,17,16,16,18,18,18,17,18,17,18,17,17,17,18,17,17,18,18,17,18,18,18,17,18,17,17,18,17,16,17,17,18,18,16,16,18,17,17,
17,18,17,17,16,17,16,18,18,16,16,16,17,16,17,18,17,18,17,18,18,17,17,18,18,17,18,18,16,18,18,16,18,16,16,17,16,18,18,18,17,17,16,16,16,17,16,16,18,18,
18,18,17,16,18,18,16,17,18,17,17,16,16,18,17,16,18,17,17,18,17,18,16,16,17,16,17,17,17,17,16,16,17,18,18,16,17,18,16,18,16,18,17,16,18,16,17,17,17,17

[layer]
type=object
data=
77,65,65,69,69,65,69,69,69,69,78,77,69,65,69,65,65,65,65,69,65,65,69,69,65,69,69,65,69,65,69,65,69,65,78,77,65,65,69,69,69,65,65,65,69,69,69,65,65,78,
68,0,0,0,0,0,0,0,0,0,66,64,0,0,0,0,0,0,0,0,0,0,0,0,0,0,0,0,0,0,0,0,0,0,66,68,0,0,0,0,0,0,0,0,0,0,0,0,0,66,
64,0,0,0,0,0,0,0,0,0,66,64,0,0,0,0,0,0,0,0,0,0,0,0,0,0,0,0,0,0,0,0,0,0,66,68,0,0,0,0,0,0,0,0,0,0,0,0,0,66,
64,0,0,0,0,0,0,0,0,0,74,73,0,0,0,0,0,0,0,0,0,0,0,0,0,0,0,0,0,0,0,0,0,0,74,73,0,0,0,0,0,0,0,0,0,0,0,0,0,66,
64,0,0,0,0,0,0,0,0,0,0,0,0,0,0,0,0,0,0,0,0,0,0,0,0,0,0,0,0,0,0,0,0,0,0,0,0,0,0,0,0,0,0,0,264,0,0,0,0,66,
64,0,0,0,0,0,0,0,0,0,0,0,0,0,0,0,0,0,0,0,0,0,0,0,0,0,0,0,0,0,0,0,0,0,0,0,0,0,0,0,0,0,0,0,0,0,0,0,0,66,
64,0,0,0,0,0,0,0,0,0,75,72,0,0,0,0,0,0,0,0,0,0,0,0,0,0,0,0,0,0,0,0,0,0,75,72,0,0,0,0,0,0,0,0,0,0,0,0,0,66,
64,0,0,0,0,0,0,0,0,0,66,68,0,0,0,0,0,0,0,0,0,0,0,0,0,0,0,0,0,0,0,0,0,0,66,64,0,0,0,0,0,0,0,0,0,0,0,0,0,66,
68,0,0,0,0,0,0,0,0,0,66,64,0,0,0,0,0,0,0,0,0,0,0,0,0,0,0,0,0,0,0,0,0,0,66,68,0,0,0,0,0,0,0,0,0,0,0,0,0,66,
76,67,67,67,67,67,67,67,67,67,79,68,0,0,0,0,0,0,0,0,0,0,0,0,0,0,0,0,0,0,0,0,0,0,66,76,67,67,67,67,67,67,67,67,67,67,67,67,67,79,
77,65,65,69,65,69,65,69,65,65,78,64,0,0,0,0,0,0,0,0,0,0,0,0,0,0,0,0,0,0,0,0,0,0,66,77,65,65,69,65,69,69,65,65,69,65,65,65,69,78,
64,0,0,0,0,0,0,0,0,0,66,64,0,0,0,0,0,0,0,0,0,0,0,0,0,0,0,0,0,0,0,0,0,0,66,64,0,0,0,0,0,0,0,0,0,0,0,0,0,66,
68,0,0,0,0,0,0,0,0,0,66,68,0,0,0,0,0,0,0,0,0,0,0,0,0,0,0,0,0,0,0,0,0,0,66,64,0,0,0,0,0,0,0,0,0,0,0,0,0,66,
68,0,0,0,0,0,0,0,0,0,66,68,0,0,0,0,0,0,0,0,0,0,0,0,0,0,0,0,0,0,0,0,0,0,66,68,0,0,0,0,0,0,0,0,0,0,0,0,0,66,
64,0,0,0,0,0,0,0,0,0,66,64,0,0,0,0,0,0,0,0,0,0,0,0,0,0,0,0,0,0,0,0,0,0,66,64,0,0,0,0,0,0,0,0,0,0,0,0,0,66,
68,0,0,0,0,0,0,0,0,0,66,64,0,0,0,0,0,0,0,0,0,0,0,0,0,0,0,0,0,0,0,0,0,0,66,64,0,0,0,0,0,0,0,0,0,0,0,0,0,66,
68,0,0,0,0,0,0,0,0,0,66,76,67,67,67,67,67,67,67,72,0,0,0,0,0,0,75,67,67,67,67,67,67,67,79,64,0,0,0,0,0,0,0,0,0,0,0,0,0,66,
68,0,0,0,0,0,0,0,0,0,66,77,65,69,69,78,77,69,65,73,0,0,0,0,0,0,74,65,65,78,77,65,65,69,78,68,0,0,0,0,0,0,0,0,0,0,0,0,0,66,
76,67,67,72,0,0,75,67,67,67,79,68,0,0,0,66,64,0,0,0,0,0,0,0,0,0,0,0,0,66,64,0,0,0,66,76,67,67,67,67,72,0,0,75,67,67,67,67,67,79,
77,69,69,73,0,0,74,69,65,65,69,73,0,0,0,66,68,0,0,0,0,0,0,0,0,0,0,0,0,66,68,0,0,0,74,65,65,69,65,69,73,0,0,74,69,69,69,69,65,78,
64,0,0,0,0,0,0,0,0,0,0,0,0,0,0,66,68,0,0,0,0,0,0,0,0,0,0,0,0,66,64,0,0,0,0,0,0,0,0,0,0,0,0,0,0,0,0,0,0,66,
68,0,0,0,0,0,0,0,0,0,0,0,0,0,0,66,64,0,0,0,0,0,0,0,0,0,0,0,0,66,64,0,0,0,0,0,0,0,0,0,0,0,0,0,0,0,0,0,0,66,
64,0,0,0,0,0,0,0,0,0,0,0,0,0,0,66,64,0,0,0,0,0,0,0,0,0,0,0,0,66,68,0,0,0,0,0,0,0,0,0,0,0,0,0,0,0,0,0,0,66,
64,0,0,0,0,0,0,0,0,0,0,0,0,0,0,66,68,0,0,0,0,0,0,0,0,0,0,0,0,66,64,0,0,0,0,0,0,0,0,0,0,0,0,0,0,0,0,0,0,66,
64,0,0,0,0,0,0,0,0,0,0,0,0,0,0,66,68,0,0,0,0,0,0,0,0,0,0,0,0,66,64,0,0,0,0,0,0,0,0,0,0,0,0,0,0,0,0,0,0,66,
68,0,0,0,0,0,0,0,0,0,0,0,0,0,0,66,68,0,0,0,0,0,0,0,0,0,0,0,0,66,68,0,0,0,0,0,0,0,0,0,0,0,0,0,0,0,0,0,0,66,
68,0,0,0,0,0,0,0,0,0,0,0,0,0,0,66,64,0,0,0,0,0,0,0,0,0,0,0,0,66,64,0,0,0,0,0,0,0,0,0,0,0,0,0,0,0,0,0,0,66,
68,0,0,0,0,0,0,0,0,0,0,0,0,0,0,66,68,0,0,0,0,0,0,0,0,0,0,0,0,66,64,0,0,0,0,0,0,0,0,0,0,0,0,0,0,0,0,0,0,66,
68,0,0,0,0,0,0,0,0,0,0,0,0,0,0,66,68,0,0,0,0,0,0,0,0,0,0,0,0,66,68,0,0,0,0,0,0,0,0,0,0,0,0,0,0,0,0,0,0,66,
64,0,0,0,0,0,0,0,0,0,0,0,0,0,0,66,68,0,0,0,0,0,0,0,0,0,0,0,0,66,64,0,0,0,0,0,0,0,0,0,0,0,0,0,0,0,0,0,0,66,
64,0,0,0,0,0,0,0,0,0,0,0,0,0,0,66,68,0,0,0,0,0,0,0,0,0,0,0,0,66,64,0,0,0,0,0,0,0,0,0,0,0,0,0,0,0,0,0,0,66,
64,0,0,0,0,0,0,0,0,0,0,0,0,0,0,66,68,0,0,0,0,0,0,0,0,0,0,0,0,66,68,0,0,0,0,0,0,0,0,0,0,0,0,0,0,0,0,0,0,66,
64,0,0,0,0,0,0,0,0,0,0,0,0,0,0,66,68,0,0,0,0,0,0,0,0,0,0,0,0,66,64,0,0,0,0,0,0,0,0,0,0,0,0,0,0,0,0,0,0,66,
68,0,0,0,0,0,0,0,0,0,0,0,0,0,0,66,68,0,0,0,0,0,0,0,0,0,0,0,0,66,64,0,0,0,0,0,0,0,0,0,0,0,0,0,0,0,0,0,0,66,
64,0,0,0,0,0,0,0,0,0,0,0,0,0,0,66,68,0,0,0,0,0,0,0,0,0,0,0,0,66,68,0,0,0,0,0,0,0,0,0,0,0,0,0,0,0,0,0,0,66,
64,0,0,0,0,0,0,0,0,0,0,0,0,0,0,74,73,0,0,0,0,0,0,0,0,0,0,0,0,74,73,0,0,0,0,0,0,0,0,0,0,0,0,0,0,0,0,0,0,66,
64,0,0,0,0,0,0,0,0,0,0,0,0,0,0,0,0,0,0,0,0,0,0,0,0,0,0,0,0,0,0,0,0,0,0,0,0,0,0,0,0,0,0,0,0,0,0,0,0,66,
68,0,0,0,0,0,0,0,0,0,0,0,0,0,0,0,0,0,0,0,0,0,0,0,0,0,0,0,0,0,0,0,0,0,0,0,0,0,0,0,0,0,0,0,0,0,0,0,0,66,
64,0,0,0,0,0,0,0,0,0,0,0,0,0,0,0,0,0,0,0,0,0,0,0,0,0,0,0,0,0,0,0,0,0,0,0,0,0,0,0,0,0,0,0,0,0,0,0,0,66,
64,0,0,0,0,0,0,0,0,0,0,0,0,0,0,75,72,0,0,0,0,0,0,0,0,0,0,0,0,75,72,0,0,0,0,0,0,0,0,0,0,0,0,0,0,0,0,0,0,66,
64,0,0,0,0,0,0,0,0,0,0,0,0,0,0,66,68,0,0,0,0,0,0,0,0,0,0,0,0,66,64,0,0,0,0,0,0,0,0,0,0,0,0,0,0,0,0,0,0,66,
64,0,0,0,0,0,0,0,0,0,0,0,0,0,0,66,64,0,0,0,0,0,0,0,0,0,0,0,0,66,68,0,0,0,0,0,0,0,0,0,0,0,0,0,0,0,0,0,0,66,
68,0,0,0,0,0,0,0,0,0,0,0,0,0,0,66,68,0,0,0,0,0,0,0,0,0,0,0,0,66,68,0,0,0,0,0,0,0,0,0,0,0,0,0,0,0,0,0,0,66,
68,0,0,0,0,0,0,0,0,0,0,0,0,0,0,66,64,0,0,0,0,0,0,0,0,0,0,0,0,66,68,0,0,0,0,0,0,0,0,0,0,0,0,0,0,0,0,0,0,66,
64,0,0,0,0,0,0,0,0,0,0,0,0,0,0,66,64,0,0,0,0,0,0,0,0,0,0,0,0,66,68,0,0,0,0,0,0,0,0,0,0,0,0,0,0,0,0,0,0,66,
64,0,0,0,285,0,0,0,0,0,0,0,0,0,0,66,64,0,0,0,0,0,0,0,0,0,0,0,0,66,64,0,0,0,0,0,0,0,0,0,0,0,0,0,0,0,0,0,0,66,
64,0,0,0,0,0,0,0,0,0,0,0,0,0,0,66,64,0,0,0,0,0,0,0,0,0,0,0,0,66,64,0,0,0,0,0,0,0,0,0,0,0,0,0,0,0,0,0,0,66,
68,0,0,0,0,0,0,0,0,0,0,0,0,0,0,66,68,0,0,0,0,0,0,0,0,0,0,0,0,66,68,0,0,0,0,0,0,0,0,0,0,0,0,0,0,0,0,0,0,66,
68,0,0,0,0,0,0,0,0,0,0,0,0,0,0,66,64,0,0,0,0,0,0,0,0,0,0,0,0,66,68,0,0,0,0,0,0,0,0,0,0,0,0,0,0,0,0,0,0,66,
76,67,67,67,67,67,67,67,67,67,67,67,67,67,67,79,76,67,67,67,67,67,67,67,67,67,67,67,67,79,76,67,67,67,67,67,67,67,67,67,67,67,67,67,67,67,67,67,67,79

[layer]
type=collision
data=
1,1,1,1,1,1,1,1,1,1,1,1,1,1,1,1,1,1,1,1,1,1,1,1,1,1,1,1,1,1,1,1,1,1,1,1,1,1,1,1,1,1,1,1,1,1,1,1,1,1,
1,0,0,0,0,0,0,0,0,0,1,1,0,0,0,0,0,0,0,0,0,0,0,0,0,0,0,0,0,0,0,0,0,0,1,1,0,0,0,0,0,0,0,0,0,0,0,0,0,1,
1,0,0,0,0,0,0,0,0,0,1,1,0,0,0,0,0,0,0,0,0,0,0,0,0,0,0,0,0,0,0,0,0,0,1,1,0,0,0,0,0,0,0,0,0,0,0,0,0,1,
1,0,0,0,0,0,0,0,0,0,1,1,0,0,0,0,0,0,0,0,0,0,0,0,0,0,0,0,0,0,0,0,0,0,1,1,0,0,0,0,0,0,0,0,0,0,0,0,0,1,
1,0,0,0,0,0,0,0,0,0,0,0,0,0,0,0,0,0,0,0,0,0,0,0,0,0,0,0,0,0,0,0,0,0,0,0,0,0,0,0,0,0,0,0,0,0,0,0,0,1,
1,0,0,0,0,0,0,0,0,0,0,0,0,0,0,0,0,0,0,0,0,0,0,0,0,0,0,0,0,0,0,0,0,0,0,0,0,0,0,0,0,0,0,0,0,0,0,0,0,1,
1,0,0,0,0,0,0,0,0,0,1,1,0,0,0,0,0,0,0,0,0,0,0,0,0,0,0,0,0,0,0,0,0,0,1,1,0,0,0,0,0,0,0,0,0,0,0,0,0,1,
1,0,0,0,0,0,0,0,0,0,1,1,0,0,0,0,0,0,0,0,0,0,0,0,0,0,0,0,0,0,0,0,0,0,1,1,0,0,0,0,0,0,0,0,0,0,0,0,0,1,
1,0,0,0,0,0,0,0,0,0,1,1,0,0,0,0,0,0,0,0,0,0,0,0,0,0,0,0,0,0,0,0,0,0,1,1,0,0,0,0,0,0,0,0,0,0,0,0,0,1,
1,1,1,1,1,1,1,1,1,1,1,1,0,0,0,0,0,0,0,0,0,0,0,0,0,0,0,0,0,0,0,0,0,0,1,1,1,1,1,1,1,1,1,1,1,1,1,1,1,1,
1,1,1,1,1,1,1,1,1,1,1,1,0,0,0,0,0,0,0,0,0,0,0,0,0,0,0,0,0,0,0,0,0,0,1,1,1,1,1,1,1,1,1,1,1,1,1,1,1,1,
1,0,0,0,0,0,0,0,0,0,1,1,0,0,0,0,0,0,0,0,0,0,0,0,0,0,0,0,0,0,0,0,0,0,1,1,0,0,0,0,0,0,0,0,0,0,0,0,0,1,
1,0,0,0,0,0,0,0,0,0,1,1,0,0,0,0,0,0,0,0,0,0,0,0,0,0,0,0,0,0,0,0,0,0,1,1,0,0,0,0,0,0,0,0,0,0,0,0,0,1,
1,0,0,0,0,0,0,0,0,0,1,1,0,0,0,0,0,0,0,0,0,0,0,0,0,0,0,0,0,0,0,0,0,0,1,1,0,0,0,0,0,0,0,0,0,0,0,0,0,1,
1,0,0,0,0,0,0,0,0,0,1,1,0,0,0,0,0,0,0,0,0,0,0,0,0,0,0,0,0,0,0,0,0,0,1,1,0,0,0,0,0,0,0,0,0,0,0,0,0,1,
1,0,0,0,0,0,0,0,0,0,1,1,0,0,0,0,0,0,0,0,0,0,0,0,0,0,0,0,0,0,0,0,0,0,1,1,0,0,0,0,0,0,0,0,0,0,0,0,0,1,
1,0,0,0,0,0,0,0,0,0,1,1,1,1,1,1,1,1,1,1,0,0,0,0,0,0,1,1,1,1,1,1,1,1,1,1,0,0,0,0,0,0,0,0,0,0,0,0,0,1,
1,0,0,0,0,0,0,0,0,0,1,1,1,1,1,1,1,1,1,1,0,0,0,0,0,0,1,1,1,1,1,1,1,1,1,1,0,0,0,0,0,0,0,0,0,0,0,0,0,1,
1,1,1,1,0,0,1,1,1,1,1,1,0,0,0,1,1,0,0,0,0,0,0,0,0,0,0,0,0,1,1,0,0,0,1,1,1,1,1,1,1,0,0,1,1,1,1,1,1,1,
1,1,1,1,0,0,1,1,1,1,1,1,0,0,0,1,1,0,0,0,0,0,0,0,0,0,0,0,0,1,1,0,0,0,1,1,1,1,1,1,1,0,0,1,1,1,1,1,1,1,
1,0,0,0,0,0,0,0,0,0,0,0,0,0,0,1,1,0,0,0,0,0,0,0,0,0,0,0,0,1,1,0,0,0,0,0,0,0,0,0,0,0,0,0,0,0,0,0,0,1,
1,0,0,0,0,0,0,0,0,0,0,0,0,0,0,1,1,0,0,0,0,0,0,0,0,0,0,0,0,1,1,0,0,0,0,0,0,0,0,0,0,0,0,0,0,0,0,0,0,1,
1,0,0,0,0,0,0,0,0,0,0,0,0,0,0,1,1,0,0,0,0,0,0,0,0,0,0,0,0,1,1,0,0,0,0,0,0,0,0,0,0,0,0,0,0,0,0,0,0,1,
1,0,0,0,0,0,0,0,0,0,0,0,0,0,0,1,1,0,0,0,0,0,0,0,0,0,0,0,0,1,1,0,0,0,0,0,0,0,0,0,0,0,0,0,0,0,0,0,0,1,
1,0,0,0,0,0,0,0,0,0,0,0,0,0,0,1,1,0,0,0,0,0,0,0,0,0,0,0,0,1,1,0,0,0,0,0,0,0,0,0,0,0,0,0,0,0,0,0,0,1,
1,0,0,0,0,0,0,0,0,0,0,0,0,0,0,1,1,0,0,0,0,0,0,0,0,0,0,0,0,1,1,0,0,0,0,0,0,0,0,0,0,0,0,0,0,0,0,0,0,1,
1,0,0,0,0,0,0,0,0,0,0,0,0,0,0,1,1,0,0,0,0,0,0,0,0,0,0,0,0,1,1,0,0,0,0,0,0,0,0,0,0,0,0,0,0,0,0,0,0,1,
1,0,0,0,0,0,0,0,0,0,0,0,0,0,0,1,1,0,0,0,0,0,0,0,0,0,0,0,0,1,1,0,0,0,0,0,0,0,0,0,0,0,0,0,0,0,0,0,0,1,
1,0,0,0,0,0,0,0,0,0,0,0,0,0,0,1,1,0,0,0,0,0,0,0,0,0,0,0,0,1,1,0,0,0,0,0,0,0,0,0,0,0,0,0,0,0,0,0,0,1,
1,0,0,0,0,0,0,0,0,0,0,0,0,0,0,1,1,0,0,0,0,0,0,0,0,0,0,0,0,1,1,0,0,0,0,0,0,0,0,0,0,0,0,0,0,0,0,0,0,1,
1,0,0,0,0,0,0,0,0,0,0,0,0,0,0,1,1,0,0,0,0,0,0,0,0,0,0,0,0,1,1,0,0,0,0,0,0,0,0,0,0,0,0,0,0,0,0,0,0,1,
1,0,0,0,0,0,0,0,0,0,0,0,0,0,0,1,1,0,0,0,0,0,0,0,0,0,0,0,0,1,1,0,0,0,0,0,0,0,0,0,0,0,0,0,0,0,0,0,0,1,
1,0,0,0,0,0,0,0,0,0,0,0,0,0,0,1,1,0,0,0,0,0,0,0,0,0,0,0,0,1,1,0,0,0,0,0,0,0,0,0,0,0,0,0,0,0,0,0,0,1,
1,0,0,0,0,0,0,0,0,0,0,0,0,0,0,1,1,0,0,0,0,0,0,0,0,0,0,0,0,1,1,0,0,0,0,0,0,0,0,0,0,0,0,0,0,0,0,0,0,1,
1,0,0,0,0,0,0,0,0,0,0,0,0,0,0,1,1,0,0,0,0,0,0,0,0,0,0,0,0,1,1,0,0,0,0,0,0,0,0,0,0,0,0,0,0,0,0,0,0,1,
1,0,0,0,0,0,0,0,0,0,0,0,0,0,0,1,1,0,0,0,0,0,0,0,0,0,0,0,0,1,1,0,0,0,0,0,0,0,0,0,0,0,0,0,0,0,0,0,0,1,
1,0,0,0,0,0,0,0,0,0,0,0,0,0,0,0,0,0,0,0,0,0,0,0,0,0,0,0,0,0,0,0,0,0,0,0,0,0,0,0,0,0,0,0,0,0,0,0,0,1,
1,0,0,0,0,0,0,0,0,0,0,0,0,0,0,0,0,0,0,0,0,0,0,0,0,0,0,0,0,0,0,0,0,0,0,0,0,0,0,0,0,0,0,0,0,0,0,0,0,1,
1,0,0,0,0,0,0,0,0,0,0,0,0,0,0,0,0,0,0,0,0,0,0,0,0,0,0,0,0,0,0,0,0,0,0,0,0,0,0,0,0,0,0,0,0,0,0,0,0,1,
1,0,0,0,0,0,0,0,0,0,0,0,0,0,0,1,1,0,0,0,0,0,0,0,0,0,0,0,0,1,1,0,0,0,0,0,0,0,0,0,0,0,0,0,0,0,0,0,0,1,
1,0,0,0,0,0,0,0,0,0,0,0,0,0,0,1,1,0,0,0,0,0,0,0,0,0,0,0,0,1,1,0,0,0,0,0,0,0,0,0,0,0,0,0,0,0,0,0,0,1,
1,0,0,0,0,0,0,0,0,0,0,0,0,0,0,1,1,0,0,0,0,0,0,0,0,0,0,0,0,1,1,0,0,0,0,0,0,0,0,0,0,0,0,0,0,0,0,0,0,1,
1,0,0,0,1,1,2,1,0,0,0,0,0,0,0,1,1,0,0,0,0,0,0,0,0,0,0,0,0,1,1,0,0,0,0,0,0,0,0,0,0,0,0,0,0,0,0,0,0,1,
1,0,0,0,1,0,0,0,0,0,0,0,0,0,0,1,1,0,0,0,0,0,0,0,0,0,0,0,0,1,1,0,0,0,0,0,0,0,0,0,0,0,0,0,0,0,0,0,0,1,
1,0,0,0,1,0,0,0,0,0,0,0,0,0,0,1,1,0,0,0,0,0,0,0,0,0,0,0,0,1,1,0,0,0,0,0,0,0,0,0,0,0,0,0,0,0,0,0,0,1,
1,0,0,0,1,1,2,1,0,0,0,0,0,0,0,1,1,0,0,0,0,0,0,0,0,0,0,0,0,1,1,0,0,0,0,0,0,0,0,0,0,0,0,0,0,0,0,0,0,1,
1,0,0,0,0,0,0,0,0,0,0,0,0,0,0,1,1,0,0,0,0,0,0,0,0,0,0,0,0,1,1,0,0,0,0,0,0,0,0,0,0,0,0,0,0,0,0,0,0,1,
1,0,0,0,0,0,0,0,0,0,0,0,0,0,0,1,1,0,0,0,0,0,0,0,0,0,0,0,0,1,1,0,0,0,0,0,0,0,0,0,0,0,0,0,0,0,0,0,0,1,
1,0,0,0,0,0,0,0,0,0,0,0,0,0,0,1,1,0,0,0,0,0,0,0,0,0,0,0,0,1,1,0,0,0,0,0,0,0,0,0,0,0,0,0,0,0,0,0,0,1,
1,1,1,1,1,1,1,1,1,1,1,1,1,1,1,1,1,1,1,1,1,1,1,1,1,1,1,1,1,1,1,1,1,1,1,1,1,1,1,1,1,1,1,1,1,1,1,1,1,1

[event]
# to dungeon 9
type=event
location=6,43,1,2
activate=on_trigger
intermap=maps/dungeon9.txt,6,39

[event]
# Greenwood Point wp
type=event
location=44,3,2,2
activate=on_trigger
hotspot=location
intermap=maps/town.txt,14,47
tooltip=Greenwood Point

[event]
# wp activate
type=event
location=42,1,6,6
activate=on_trigger
mapmod=object,44,4,265
msg=Waypoint discovered
repeat=false
requires_not_status=wp_dungeon_10
set_status=wp_dungeon_10

[event]
# wp mapmod
type=event
location=41,7,1,1
activate=on_load
mapmod=object,44,4,265
requires_status=wp_dungeon_10

[enemy]
# Minotaur
type=enemy
location=22,6,1,1
category=ng_boss_minotaur
requires_not_status=minotaur_complete
requires_status=progress_arrived_dungeon

[enemy]
# cursed grave
type=enemy
location=15,2,1,1
category=ng_enemy_cursed_grave

[enemy]
# cursed grave
type=enemy
location=19,2,1,1
category=ng_enemy_cursed_grave

[enemy]
# cursed grave
type=enemy
location=23,2,1,1
category=ng_enemy_cursed_grave

[enemy]
# cursed grave
type=enemy
location=27,2,1,1
category=ng_enemy_cursed_grave

[enemy]
# cursed grave
type=enemy
location=31,2,1,1
category=ng_enemy_cursed_grave

[enemy]
# skeleton mage
type=enemy
location=18,5,1,1
category=ng_enemy_skeleton_mage

[enemy]
# skeleton mage
type=enemy
location=26,5,1,1
category=ng_enemy_skeleton_mage

[enemy]
# skeleton knight
type=enemy
location=17,9,1,1
category=ng_enemy_skeleton_knight

[enemy]
# skeleton knight
type=enemy
location=27,9,1,1
category=ng_enemy_skeleton_knight

[enemy]
# skeletons
type=enemy
location=18,20,9,25
category=dungeon_skeleton
level=20,30
number=6,12

[enemy]
# skeletons
type=enemy
location=32,21,15,26
category=dungeon_skeleton
level=20,30
number=8,16

[enemy]
# skeletons
type=enemy
location=2,21,12,12
category=dungeon_skeleton
level=20,30
number=4,6

