[header]
width=50
height=50
tilewidth=64
tileheight=32
music=dungeon_theme.ogg
tileset=tileset_dungeon.txt
title=Dungeon 1

[tilesets]
tileset=../../../../tiled/dungeon/tiled_collision.png,64,32,0,0
tileset=../../../../tiled/dungeon/tiled_dungeon.png,64,128,0,0
tileset=../../../../tiled/dungeon/set_rules.png,64,32,0,0
tileset=../../../../tiled/dungeon/tiled_dungeon_2x2.png,128,64,0,16
tileset=../../../../tiled/dungeon/door_left.png,64,128,-16,-8
tileset=../../../../tiled/dungeon/door_right.png,64,128,16,-8
tileset=../../../../tiled/dungeon/stairs.png,256,256,0,48

[layer]
type=background
data=
17,18,18,16,18,17,17,16,17,17,17,18,17,17,16,18,17,18,17,17,16,17,18,18,16,18,16,16,17,17,17,18,18,18,16,18,17,18,17,16,17,16,17,17,17,17,18,17,16,16,
18,18,18,16,18,16,16,16,17,16,16,17,18,16,17,18,17,16,18,16,16,17,17,17,18,16,16,17,18,17,17,16,17,16,18,17,18,17,18,16,17,16,17,18,18,16,17,17,18,17,
18,18,16,18,17,17,17,16,16,17,17,18,16,17,16,17,18,18,18,18,17,16,17,17,18,17,18,17,16,17,16,18,16,17,18,18,17,16,17,18,16,17,17,16,18,18,17,18,18,16,
17,16,16,16,18,16,17,16,18,16,17,16,16,16,18,18,17,16,16,16,17,17,17,16,16,18,18,18,17,17,17,17,17,17,17,17,18,17,18,18,17,16,16,17,17,17,18,16,16,16,
17,18,16,17,16,16,16,18,18,18,17,16,17,17,16,18,18,16,17,17,18,17,18,16,18,16,16,16,18,18,16,18,16,17,16,17,16,16,16,16,17,16,17,16,17,16,17,18,16,16,
17,17,18,16,18,18,18,18,18,17,16,18,17,17,18,17,17,17,17,18,16,17,16,16,16,16,18,18,17,18,16,18,17,17,17,16,17,17,16,16,18,16,16,17,17,17,18,18,18,17,
18,18,17,16,18,16,18,16,18,17,18,18,18,16,18,16,16,18,16,16,18,17,18,16,17,17,16,16,16,16,16,17,17,18,16,18,18,17,16,18,18,18,18,18,16,17,17,17,16,16,
18,16,17,18,17,16,18,17,16,17,16,16,17,18,17,17,17,18,17,16,17,18,17,17,16,17,18,16,16,16,16,16,17,17,17,16,18,17,17,18,16,18,18,18,18,18,16,18,16,18,
16,18,16,16,17,18,16,18,18,18,17,17,18,17,18,17,18,18,18,16,16,18,16,18,17,17,16,16,17,17,17,16,18,16,18,17,18,17,16,17,18,18,18,18,16,16,18,18,17,18,
18,17,16,18,17,16,17,16,17,17,17,16,18,18,18,18,16,16,18,18,17,16,16,16,17,17,18,16,17,16,18,16,18,16,16,17,16,17,17,18,17,17,18,16,17,16,18,17,18,17,
18,18,18,18,17,16,16,16,17,18,17,16,18,16,16,16,18,16,17,17,16,18,18,17,17,17,16,18,17,18,16,16,16,18,17,16,18,17,16,17,16,16,17,16,17,16,16,17,17,18,
18,18,17,18,18,16,16,16,18,18,17,17,16,17,17,17,17,16,16,18,17,16,18,16,17,16,17,18,17,17,17,18,17,17,16,17,18,17,16,18,16,16,16,17,18,18,18,18,17,18,
17,18,16,16,16,17,16,17,16,16,16,17,16,17,16,17,17,18,17,18,17,17,18,17,16,16,16,16,18,17,16,16,17,18,18,16,18,18,16,16,16,18,17,18,18,16,18,18,16,17,
17,18,16,17,18,18,18,16,17,17,18,16,17,17,17,17,16,16,17,18,18,18,16,16,16,17,18,17,16,17,17,18,18,16,18,16,16,17,16,18,17,16,17,18,16,18,18,16,18,16,
17,18,16,17,17,17,17,18,17,16,16,17,16,18,17,17,18,16,18,18,18,16,16,17,17,17,17,16,18,16,16,18,17,17,17,18,18,18,17,16,16,17,16,16,18,17,16,16,16,18,
16,18,18,17,17,18,17,16,17,16,16,17,17,17,16,16,17,18,17,18,17,17,18,17,16,16,18,16,18,18,16,16,17,16,16,18,17,17,17,17,18,18,16,17,18,17,18,17,16,18,
18,18,16,17,18,16,17,17,18,16,16,16,17,18,17,18,18,17,18,17,16,17,18,16,17,17,17,18,17,18,17,17,17,17,17,16,16,17,18,18,16,16,16,16,17,17,16,18,17,18,
18,17,16,18,16,16,16,16,18,17,16,16,18,16,18,16,16,18,16,16,18,18,17,16,18,18,16,18,17,18,16,16,18,17,18,16,17,16,18,16,18,16,18,16,16,16,16,16,16,18,
17,16,16,16,17,18,16,17,17,17,16,17,17,16,17,18,16,16,17,17,17,18,17,16,18,16,17,16,18,18,16,18,17,18,18,18,16,17,16,17,18,16,16,17,16,18,16,16,16,18,
17,18,16,17,16,16,18,17,16,18,16,16,17,17,17,16,17,16,18,16,17,17,18,17,17,18,18,18,16,17,18,18,16,16,18,18,16,18,18,18,18,16,17,18,18,17,17,18,18,18,
16,16,16,17,18,17,18,17,18,16,17,18,18,18,16,16,16,18,16,17,17,18,18,18,18,16,17,18,16,17,16,17,17,17,18,18,18,18,17,16,16,17,18,16,16,17,16,16,18,17,
17,16,18,17,16,18,16,18,17,16,16,17,16,17,16,16,17,17,17,16,17,18,17,17,18,18,18,18,18,16,18,17,17,18,17,17,18,18,18,16,16,16,18,18,18,18,17,16,17,16,
18,16,17,17,16,18,17,16,17,18,16,18,18,17,17,17,16,16,17,16,17,17,18,17,18,17,17,17,18,16,18,17,17,16,17,17,16,18,18,17,18,16,17,17,17,18,17,16,17,17,
16,16,18,16,18,17,17,18,17,18,17,16,17,17,16,18,18,16,18,18,18,16,18,16,16,16,16,18,18,18,17,18,16,18,18,17,16,17,17,17,17,18,16,18,16,18,17,16,17,18,
17,17,16,16,16,18,17,17,16,17,17,16,16,17,16,18,16,18,16,16,17,16,17,18,16,17,17,17,17,17,18,17,16,16,18,16,16,18,17,17,18,16,17,17,16,18,16,18,18,16,
18,18,16,18,17,17,18,16,18,18,16,18,18,16,17,16,17,18,18,18,16,17,16,16,18,18,16,16,18,16,17,17,18,16,16,16,18,16,16,17,17,16,16,16,18,17,18,18,18,18,
17,17,18,18,17,18,17,17,17,18,16,18,16,18,18,18,17,17,16,17,17,17,16,16,18,18,18,18,16,16,18,16,16,17,18,18,18,17,17,18,18,18,17,18,16,17,17,18,18,18,
17,18,16,18,16,18,18,16,17,18,17,16,16,18,18,17,17,17,16,18,18,16,18,18,18,17,18,17,16,17,17,16,16,18,16,17,16,16,17,16,18,16,17,16,16,18,16,17,16,18,
17,16,17,16,18,18,16,16,17,16,16,16,18,18,16,17,17,18,16,16,18,18,18,17,18,16,18,16,16,16,16,18,17,18,16,17,17,16,17,17,16,16,18,16,17,17,16,17,16,17,
17,17,17,16,18,17,16,18,18,18,16,17,18,16,16,18,17,17,18,17,16,17,16,18,18,18,16,16,17,17,18,16,16,18,17,16,16,17,16,16,18,16,17,16,17,18,17,18,16,17,
17,16,17,16,17,16,16,17,16,17,18,18,17,17,18,16,17,18,17,17,17,18,18,16,18,16,18,16,17,16,18,18,18,17,17,16,17,17,18,16,18,16,17,18,17,18,17,18,16,18,
17,18,17,17,16,17,17,17,16,16,18,18,18,18,16,17,17,18,16,17,17,18,18,16,18,18,17,16,18,16,18,18,17,17,17,17,16,16,16,18,18,17,16,17,16,16,17,18,16,17,
16,17,18,17,16,18,17,18,18,17,18,17,18,17,18,16,17,17,18,16,16,17,17,18,17,18,16,17,17,18,18,17,18,18,17,17,17,17,17,18,16,17,17,16,16,18,17,18,18,17,
17,16,17,18,18,17,17,17,17,18,18,16,17,18,16,17,16,17,16,18,17,17,16,17,18,18,16,17,18,18,18,16,17,18,17,17,18,17,16,17,17,16,17,16,18,16,16,16,17,18,
16,16,16,16,16,17,16,18,18,17,17,16,17,16,16,17,17,18,16,16,18,17,18,18,16,18,17,17,17,16,16,16,18,17,17,17,18,16,16,17,18,17,16,16,16,16,17,18,18,18,
16,16,16,17,18,17,17,18,17,17,16,16,17,18,16,16,16,18,18,18,17,16,18,16,17,17,17,16,16,17,17,16,18,18,16,16,16,18,17,18,17,16,16,18,18,18,18,17,17,17,
16,16,16,18,17,18,17,18,18,18,16,17,17,17,16,16,17,16,17,18,17,17,18,18,16,16,17,18,16,17,18,17,18,18,16,17,18,16,17,16,16,18,17,17,18,18,18,16,17,18,
18,18,16,16,18,17,17,18,16,16,18,16,16,18,16,16,17,17,16,17,17,18,18,16,16,18,17,18,17,17,17,18,18,17,16,16,18,18,16,17,16,18,17,18,17,17,18,17,18,18,
17,16,18,16,17,17,16,17,16,17,18,18,16,17,16,18,16,17,18,18,17,17,17,17,17,17,16,17,18,18,17,16,16,17,18,16,17,18,16,16,17,17,16,16,17,16,16,17,16,18,
18,16,16,17,17,18,16,18,16,18,17,17,16,18,17,17,16,16,16,17,17,17,18,17,17,17,16,16,17,16,16,17,18,17,17,16,16,17,17,18,16,18,17,16,17,17,18,16,18,17,
16,17,16,18,18,16,16,18,17,17,16,16,17,16,16,17,18,18,16,17,16,16,17,18,18,18,18,17,16,16,17,16,16,18,16,17,16,18,17,16,18,17,17,17,18,17,17,18,17,17,
18,17,16,16,16,16,18,18,17,18,17,17,18,17,17,18,17,18,16,17,16,16,16,18,16,18,18,17,17,17,18,17,17,16,17,18,18,18,17,17,18,16,17,16,16,17,16,16,16,16,
16,16,16,16,18,17,18,18,16,18,17,16,18,18,18,16,17,17,16,17,16,18,17,16,16,16,16,16,16,16,18,17,17,18,18,17,17,18,16,17,17,16,17,18,18,16,17,18,17,16,
17,16,18,18,16,18,16,18,17,16,18,16,18,17,16,17,18,18,18,16,18,16,17,18,16,17,16,17,16,18,16,17,18,18,16,17,18,17,17,18,17,17,16,17,16,17,17,18,17,17,
17,17,17,16,17,18,18,17,17,18,18,16,18,17,16,17,18,18,18,17,17,16,18,18,16,17,18,18,18,16,16,16,18,18,16,17,16,16,18,17,17,16,17,16,18,16,16,17,16,17,
16,18,16,17,16,16,18,17,16,16,18,16,17,18,17,16,17,16,16,16,17,17,17,17,17,17,16,16,18,17,17,17,17,17,16,16,16,17,16,16,18,16,16,18,16,18,18,16,16,16,
16,16,16,18,17,16,17,18,17,16,17,18,18,17,17,17,16,16,18,16,16,17,16,16,16,16,18,17,16,18,17,17,18,17,18,16,18,16,18,16,18,18,17,16,17,18,17,18,16,17,
17,17,18,18,16,17,16,17,16,17,18,16,17,16,16,18,18,18,17,18,17,18,17,17,17,18,17,17,18,18,17,18,18,18,17,18,17,17,18,17,16,17,17,18,18,16,16,18,17,17,
17,18,17,17,16,17,16,18,18,16,16,16,17,16,17,18,17,18,17,18,18,17,17,18,18,17,18,18,16,18,18,16,18,16,16,17,16,18,18,18,17,17,16,16,16,17,16,16,18,18,
18,18,17,16,18,18,16,17,18,17,17,16,16,18,17,16,18,17,17,18,17,18,16,16,17,16,17,17,17,17,16,16,17,18,18,16,17,18,16,18,16,18,17,16,18,16,17,17,17,17

[layer]
type=object
data=
77,65,65,69,69,65,69,69,69,69,69,69,69,65,69,65,65,65,65,69,65,65,69,69,65,69,69,65,69,65,69,65,69,65,69,69,65,65,69,69,69,65,65,65,69,69,69,65,65,78,
68,0,0,0,0,0,0,0,0,0,0,0,0,0,0,0,0,0,0,0,0,0,0,0,0,0,0,0,0,0,0,0,0,0,0,0,0,0,0,0,0,0,0,0,0,0,0,0,0,66,
64,0,0,0,0,0,0,0,0,0,0,0,0,0,0,0,0,0,0,0,0,0,0,0,0,0,0,0,0,0,0,0,0,0,0,0,0,0,0,0,0,0,0,0,0,0,0,0,0,66,
64,0,0,0,0,0,0,0,0,0,0,0,0,0,0,0,0,0,0,0,0,0,0,0,0,0,0,0,0,0,0,0,0,0,0,0,0,0,0,0,0,0,0,0,0,0,0,0,0,66,
64,0,0,0,0,0,0,0,0,0,0,0,0,0,0,0,0,0,0,0,0,0,0,0,0,0,0,0,0,0,0,0,0,0,0,0,0,0,0,0,0,0,0,0,0,0,0,0,0,66,
64,0,0,0,0,0,0,0,0,0,0,0,0,0,0,0,0,0,0,0,0,0,0,0,0,0,0,0,0,0,0,0,0,0,0,0,0,0,0,0,0,0,287,0,0,0,0,0,0,66,
64,0,0,0,0,0,0,0,0,0,0,0,0,0,0,0,0,0,0,0,0,0,0,0,0,0,0,0,0,0,0,0,0,0,0,0,0,0,0,0,0,0,0,0,0,0,0,0,0,66,
64,0,0,0,0,0,0,0,0,0,0,0,0,0,0,0,0,0,0,0,0,0,0,0,0,0,0,0,0,0,0,0,0,0,0,0,0,0,0,0,0,0,0,0,0,0,0,0,0,66,
68,0,0,0,0,0,0,0,0,0,0,0,0,0,0,0,0,0,0,0,0,0,0,0,0,0,0,0,0,0,0,0,0,0,0,0,0,0,0,0,0,0,0,0,0,0,0,0,0,66,
68,0,0,0,0,0,0,0,0,0,0,0,0,0,0,0,0,0,0,0,0,0,0,0,0,0,0,0,0,0,0,0,0,0,0,0,0,0,0,0,0,0,0,0,0,0,0,0,0,66,
68,0,0,0,0,0,0,0,0,0,0,0,0,0,0,0,0,0,0,0,0,0,0,0,0,0,0,0,0,0,0,0,0,0,0,0,0,0,0,0,0,0,0,0,0,0,0,0,0,66,
64,0,0,0,0,0,0,0,0,0,0,0,0,0,0,0,0,0,0,0,0,0,0,0,0,0,0,0,0,0,0,0,0,0,0,0,0,0,0,0,0,0,0,0,0,0,0,0,0,66,
68,0,0,0,0,0,0,0,0,0,0,0,0,0,0,0,0,0,0,0,0,0,0,0,0,0,0,0,0,0,0,0,0,0,0,0,0,0,0,0,0,0,0,0,0,0,0,0,0,66,
68,0,0,0,0,0,0,0,0,0,0,0,0,0,0,0,0,0,0,0,0,0,0,0,0,0,0,0,0,0,0,0,0,0,0,0,0,0,0,0,0,0,0,0,0,0,0,0,0,66,
64,0,0,0,0,0,0,0,0,0,0,0,0,0,0,0,0,0,0,0,0,0,0,0,0,0,0,0,0,0,0,0,0,0,0,0,0,0,0,0,0,0,0,0,0,0,0,0,0,66,
68,0,0,0,0,0,0,0,0,0,0,0,0,0,0,0,0,0,0,0,0,0,0,0,0,0,0,0,0,0,0,0,0,0,0,0,0,0,0,0,0,0,0,0,0,0,0,0,0,66,
68,0,0,0,0,0,0,0,0,0,0,0,0,0,0,0,0,0,0,0,0,0,0,0,0,0,0,0,0,0,0,0,0,0,0,0,0,0,0,0,0,0,0,0,0,0,0,0,0,66,
68,0,0,0,0,0,0,0,0,0,0,0,0,0,0,0,0,0,0,0,0,0,0,0,0,0,0,0,0,0,0,0,0,0,0,0,0,0,0,0,0,0,0,0,0,0,0,0,0,66,
68,0,0,0,0,0,0,0,0,0,0,0,0,0,0,0,0,0,0,0,0,0,0,0,0,0,0,0,0,0,0,0,0,0,0,0,0,0,0,0,0,0,0,0,0,0,0,0,0,66,
68,0,0,0,0,0,0,0,0,0,0,0,0,0,0,0,0,0,0,0,0,0,0,0,0,0,0,0,0,0,0,0,0,0,0,0,0,0,0,0,0,0,0,0,0,0,0,0,0,66,
64,0,0,0,0,0,0,0,0,0,0,0,0,0,0,0,0,0,0,0,0,0,0,0,0,0,0,0,0,0,0,0,0,0,0,0,0,0,0,0,0,0,0,0,0,0,0,0,0,66,
68,0,0,0,0,0,0,0,0,0,0,0,0,0,0,0,0,0,0,0,0,0,0,0,0,0,0,0,0,0,0,0,0,0,0,0,0,0,0,0,0,0,0,0,0,0,0,0,0,66,
64,0,0,0,0,0,0,0,0,0,0,0,0,0,0,0,0,0,0,0,0,0,0,0,0,0,0,0,0,0,0,0,0,0,0,0,0,0,0,0,0,0,0,0,0,0,0,0,0,66,
64,0,0,0,0,0,0,0,0,0,0,0,0,0,0,0,0,0,0,0,0,0,0,0,0,0,0,0,0,0,0,0,0,0,0,0,0,0,0,0,0,0,0,0,0,0,0,0,0,66,
64,0,0,0,0,0,0,0,0,0,0,0,0,0,0,0,0,0,0,0,0,0,0,0,0,0,0,0,0,0,0,0,0,0,0,0,0,0,0,0,0,0,0,0,0,0,0,0,0,66,
68,0,0,0,0,0,0,0,0,0,0,0,0,0,0,0,0,0,0,0,0,0,0,0,0,0,0,0,0,0,0,0,0,0,0,0,0,0,0,0,0,0,0,0,0,0,0,0,0,66,
68,0,0,0,0,0,0,0,0,0,0,0,0,0,0,0,0,0,0,0,0,0,0,0,0,0,0,0,0,0,0,0,0,0,0,0,0,0,0,0,0,0,0,0,0,0,0,0,0,66,
68,0,0,0,0,0,0,0,0,0,0,0,0,0,0,0,0,0,0,0,0,0,0,0,0,0,0,0,0,0,0,0,0,0,0,0,0,0,0,0,0,0,0,0,0,0,0,0,0,66,
68,0,0,0,0,0,0,0,0,0,0,0,0,0,0,0,0,0,0,0,0,0,0,0,0,0,0,0,0,0,0,0,0,0,0,0,0,0,0,0,0,0,0,0,0,0,0,0,0,66,
64,0,0,0,0,0,0,0,0,0,0,0,0,0,0,0,0,0,0,0,0,0,0,0,0,0,0,0,0,0,0,0,0,0,0,0,0,0,0,0,0,0,0,0,0,0,0,0,0,66,
64,0,0,0,0,0,0,0,0,0,0,0,0,0,0,0,0,0,0,0,0,0,0,0,0,0,0,0,0,0,0,0,0,0,0,0,0,0,0,0,0,0,0,0,0,0,0,0,0,66,
64,0,0,0,0,0,0,0,0,0,0,0,0,0,0,0,0,0,0,0,0,0,0,0,0,0,0,0,0,0,0,0,0,0,0,0,0,0,0,0,0,0,0,0,0,0,0,0,0,66,
64,0,0,0,0,0,0,0,0,0,0,0,0,0,0,0,0,0,0,0,0,0,0,0,0,0,0,0,0,0,0,0,0,0,0,0,0,0,0,0,0,0,0,0,0,0,0,0,0,66,
68,0,0,0,0,0,0,0,0,0,0,0,0,0,0,0,0,0,0,0,0,0,0,0,0,0,0,0,0,0,0,0,0,0,0,0,0,0,0,0,0,0,0,0,0,0,0,0,0,66,
64,0,0,0,0,0,0,0,0,0,0,0,0,0,0,0,0,0,0,0,0,0,0,0,0,0,0,0,0,0,0,0,0,0,0,0,0,0,0,0,0,0,0,0,0,0,0,0,0,66,
64,0,0,0,0,0,0,0,0,0,0,0,0,0,0,0,0,0,0,0,0,0,0,0,0,0,0,0,0,0,0,0,0,0,0,0,0,0,0,0,0,0,0,0,0,0,0,0,0,66,
64,0,0,0,0,0,0,0,0,0,0,0,0,0,0,0,0,0,0,0,0,0,0,0,0,0,0,0,0,0,0,0,0,0,0,0,0,0,0,0,0,0,0,0,0,0,0,0,0,66,
68,0,0,0,0,0,0,0,0,0,0,0,0,0,0,0,0,0,0,0,0,0,0,0,0,0,0,0,0,0,0,0,0,0,0,0,0,0,0,0,0,0,0,0,0,0,0,0,0,66,
64,0,0,0,0,0,0,0,0,0,0,0,0,0,0,0,0,0,0,0,0,0,0,0,0,0,0,0,0,0,0,0,0,0,0,0,0,0,0,0,0,0,0,0,0,0,0,0,0,66,
64,0,0,0,0,0,0,0,0,0,0,0,0,0,0,0,0,0,0,0,0,0,0,0,0,0,0,0,0,0,0,0,0,0,0,0,0,0,0,0,0,0,0,0,0,0,0,0,0,66,
64,0,0,0,0,0,0,0,0,0,0,0,0,0,0,0,0,0,0,0,0,0,0,0,0,0,0,0,0,0,0,0,0,0,0,0,0,0,0,0,0,0,0,0,0,0,0,0,0,66,
64,0,0,0,0,0,0,0,0,0,0,0,0,0,0,0,0,0,0,0,0,0,0,0,0,0,0,0,0,0,0,0,0,0,0,0,0,0,0,0,0,0,0,0,0,0,0,0,0,66,
68,0,0,0,0,0,0,0,0,0,0,0,0,0,0,0,0,0,0,0,0,0,0,0,0,0,0,0,0,0,0,0,0,0,0,0,0,0,0,0,0,0,0,0,0,0,0,0,0,66,
68,0,0,0,0,0,0,0,0,0,0,0,0,0,0,0,0,0,0,0,0,0,0,0,0,0,0,0,0,0,0,0,0,0,0,0,0,0,0,0,0,0,0,0,0,0,0,0,0,66,
64,0,0,0,0,0,0,0,0,0,0,0,0,0,0,0,0,0,0,0,0,0,0,0,0,0,0,0,0,0,0,0,0,0,0,0,0,0,0,0,0,0,0,0,0,0,0,0,0,66,
64,0,0,0,285,0,0,0,0,0,0,0,0,0,0,0,0,0,0,0,0,0,0,0,0,0,0,0,0,0,0,0,0,0,0,0,0,0,0,0,0,0,0,0,0,0,0,0,0,66,
64,0,0,0,0,0,0,0,0,0,0,0,0,0,0,0,0,0,0,0,0,0,0,0,0,0,0,0,0,0,0,0,0,0,0,0,0,0,0,0,0,0,0,0,0,0,0,0,0,66,
68,0,0,0,0,0,0,0,0,0,0,0,0,0,0,0,0,0,0,0,0,0,0,0,0,0,0,0,0,0,0,0,0,0,0,0,0,0,0,0,0,0,0,0,0,0,0,0,0,66,
68,0,0,0,0,0,0,0,0,0,0,0,0,0,0,0,0,0,0,0,0,0,0,0,0,0,0,0,0,0,0,0,0,0,0,0,0,0,0,0,0,0,0,0,0,0,0,0,0,66,
76,67,67,67,67,67,67,67,67,67,67,67,67,67,67,67,67,67,67,67,67,67,67,67,67,67,67,67,67,67,67,67,67,67,67,67,67,67,67,67,67,67,67,67,67,67,67,67,67,79

[layer]
type=collision
data=
1,1,1,1,1,1,1,1,1,1,1,1,1,1,1,1,1,1,1,1,1,1,1,1,1,1,1,1,1,1,1,1,1,1,1,1,1,1,1,1,1,1,1,1,1,1,1,1,1,1,
1,0,0,0,0,0,0,0,0,0,0,0,0,0,0,0,0,0,0,0,0,0,0,0,0,0,0,0,0,0,0,0,0,0,0,0,0,0,0,0,0,0,0,0,0,0,0,0,0,1,
1,0,0,0,0,0,0,0,0,0,0,0,0,0,0,0,0,0,0,0,0,0,0,0,0,0,0,0,0,0,0,0,0,0,0,0,0,0,0,0,0,0,0,2,2,2,0,0,0,1,
1,0,0,0,0,0,0,0,0,0,0,0,0,0,0,0,0,0,0,0,0,0,0,0,0,0,0,0,0,0,0,0,0,0,0,0,0,0,0,0,0,0,0,0,0,2,0,0,0,1,
1,0,0,0,0,0,0,0,0,0,0,0,0,0,0,0,0,0,0,0,0,0,0,0,0,0,0,0,0,0,0,0,0,0,0,0,0,0,0,0,0,0,0,0,0,2,0,0,0,1,
1,0,0,0,0,0,0,0,0,0,0,0,0,0,0,0,0,0,0,0,0,0,0,0,0,0,0,0,0,0,0,0,0,0,0,0,0,0,0,0,0,0,0,2,2,2,0,0,0,1,
1,0,0,0,0,0,0,0,0,0,0,0,0,0,0,0,0,0,0,0,0,0,0,0,0,0,0,0,0,0,0,0,0,0,0,0,0,0,0,0,0,0,0,0,0,0,0,0,0,1,
1,0,0,0,0,0,0,0,0,0,0,0,0,0,0,0,0,0,0,0,0,0,0,0,0,0,0,0,0,0,0,0,0,0,0,0,0,0,0,0,0,0,0,0,0,0,0,0,0,1,
1,0,0,0,0,0,0,0,0,0,0,0,0,0,0,0,0,0,0,0,0,0,0,0,0,0,0,0,0,0,0,0,0,0,0,0,0,0,0,0,0,0,0,0,0,0,0,0,0,1,
1,0,0,0,0,0,0,0,0,0,0,0,0,0,0,0,0,0,0,0,0,0,0,0,0,0,0,0,0,0,0,0,0,0,0,0,0,0,0,0,0,0,0,0,0,0,0,0,0,1,
1,0,0,0,0,0,0,0,0,0,0,0,0,0,0,0,0,0,0,0,0,0,0,0,0,0,0,0,0,0,0,0,0,0,0,0,0,0,0,0,0,0,0,0,0,0,0,0,0,1,
1,0,0,0,0,0,0,0,0,0,0,0,0,0,0,0,0,0,0,0,0,0,0,0,0,0,0,0,0,0,0,0,0,0,0,0,0,0,0,0,0,0,0,0,0,0,0,0,0,1,
1,0,0,0,0,0,0,0,0,0,0,0,0,0,0,0,0,0,0,0,0,0,0,0,0,0,0,0,0,0,0,0,0,0,0,0,0,0,0,0,0,0,0,0,0,0,0,0,0,1,
1,0,0,0,0,0,0,0,0,0,0,0,0,0,0,0,0,0,0,0,0,0,0,0,0,0,0,0,0,0,0,0,0,0,0,0,0,0,0,0,0,0,0,0,0,0,0,0,0,1,
1,0,0,0,0,0,0,0,0,0,0,0,0,0,0,0,0,0,0,0,0,0,0,0,0,0,0,0,0,0,0,0,0,0,0,0,0,0,0,0,0,0,0,0,0,0,0,0,0,1,
1,0,0,0,0,0,0,0,0,0,0,0,0,0,0,0,0,0,0,0,0,0,0,0,0,0,0,0,0,0,0,0,0,0,0,0,0,0,0,0,0,0,0,0,0,0,0,0,0,1,
1,0,0,0,0,0,0,0,0,0,0,0,0,0,0,0,0,0,0,0,0,0,0,0,0,0,0,0,0,0,0,0,0,0,0,0,0,0,0,0,0,0,0,0,0,0,0,0,0,1,
1,0,0,0,0,0,0,0,0,0,0,0,0,0,0,0,0,0,0,0,0,0,0,0,0,0,0,0,0,0,0,0,0,0,0,0,0,0,0,0,0,0,0,0,0,0,0,0,0,1,
1,0,0,0,0,0,0,0,0,0,0,0,0,0,0,0,0,0,0,0,0,0,0,0,0,0,0,0,0,0,0,0,0,0,0,0,0,0,0,0,0,0,0,0,0,0,0,0,0,1,
1,0,0,0,0,0,0,0,0,0,0,0,0,0,0,0,0,0,0,0,0,0,0,0,0,0,0,0,0,0,0,0,0,0,0,0,0,0,0,0,0,0,0,0,0,0,0,0,0,1,
1,0,0,0,0,0,0,0,0,0,0,0,0,0,0,0,0,0,0,0,0,0,0,0,0,0,0,0,0,0,0,0,0,0,0,0,0,0,0,0,0,0,0,0,0,0,0,0,0,1,
1,0,0,0,0,0,0,0,0,0,0,0,0,0,0,0,0,0,0,0,0,0,0,0,0,0,0,0,0,0,0,0,0,0,0,0,0,0,0,0,0,0,0,0,0,0,0,0,0,1,
1,0,0,0,0,0,0,0,0,0,0,0,0,0,0,0,0,0,0,0,0,0,0,0,0,0,0,0,0,0,0,0,0,0,0,0,0,0,0,0,0,0,0,0,0,0,0,0,0,1,
1,0,0,0,0,0,0,0,0,0,0,0,0,0,0,0,0,0,0,0,0,0,0,0,0,0,0,0,0,0,0,0,0,0,0,0,0,0,0,0,0,0,0,0,0,0,0,0,0,1,
1,0,0,0,0,0,0,0,0,0,0,0,0,0,0,0,0,0,0,0,0,0,0,0,0,0,0,0,0,0,0,0,0,0,0,0,0,0,0,0,0,0,0,0,0,0,0,0,0,1,
1,0,0,0,0,0,0,0,0,0,0,0,0,0,0,0,0,0,0,0,0,0,0,0,0,0,0,0,0,0,0,0,0,0,0,0,0,0,0,0,0,0,0,0,0,0,0,0,0,1,
1,0,0,0,0,0,0,0,0,0,0,0,0,0,0,0,0,0,0,0,0,0,0,0,0,0,0,0,0,0,0,0,0,0,0,0,0,0,0,0,0,0,0,0,0,0,0,0,0,1,
1,0,0,0,0,0,0,0,0,0,0,0,0,0,0,0,0,0,0,0,0,0,0,0,0,0,0,0,0,0,0,0,0,0,0,0,0,0,0,0,0,0,0,0,0,0,0,0,0,1,
1,0,0,0,0,0,0,0,0,0,0,0,0,0,0,0,0,0,0,0,0,0,0,0,0,0,0,0,0,0,0,0,0,0,0,0,0,0,0,0,0,0,0,0,0,0,0,0,0,1,
1,0,0,0,0,0,0,0,0,0,0,0,0,0,0,0,0,0,0,0,0,0,0,0,0,0,0,0,0,0,0,0,0,0,0,0,0,0,0,0,0,0,0,0,0,0,0,0,0,1,
1,0,0,0,0,0,0,0,0,0,0,0,0,0,0,0,0,0,0,0,0,0,0,0,0,0,0,0,0,0,0,0,0,0,0,0,0,0,0,0,0,0,0,0,0,0,0,0,0,1,
1,0,0,0,0,0,0,0,0,0,0,0,0,0,0,0,0,0,0,0,0,0,0,0,0,0,0,0,0,0,0,0,0,0,0,0,0,0,0,0,0,0,0,0,0,0,0,0,0,1,
1,0,0,0,0,0,0,0,0,0,0,0,0,0,0,0,0,0,0,0,0,0,0,0,0,0,0,0,0,0,0,0,0,0,0,0,0,0,0,0,0,0,0,0,0,0,0,0,0,1,
1,0,0,0,0,0,0,0,0,0,0,0,0,0,0,0,0,0,0,0,0,0,0,0,0,0,0,0,0,0,0,0,0,0,0,0,0,0,0,0,0,0,0,0,0,0,0,0,0,1,
1,0,0,0,0,0,0,0,0,0,0,0,0,0,0,0,0,0,0,0,0,0,0,0,0,0,0,0,0,0,0,0,0,0,0,0,0,0,0,0,0,0,0,0,0,0,0,0,0,1,
1,0,0,0,0,0,0,0,0,0,0,0,0,0,0,0,0,0,0,0,0,0,0,0,0,0,0,0,0,0,0,0,0,0,0,0,0,0,0,0,0,0,0,0,0,0,0,0,0,1,
1,0,0,0,0,0,0,0,0,0,0,0,0,0,0,0,0,0,0,0,0,0,0,0,0,0,0,0,0,0,0,0,0,0,0,0,0,0,0,0,0,0,0,0,0,0,0,0,0,1,
1,0,0,0,0,0,0,0,0,0,0,0,0,0,0,0,0,0,0,0,0,0,0,0,0,0,0,0,0,0,0,0,0,0,0,0,0,0,0,0,0,0,0,0,0,0,0,0,0,1,
1,0,0,0,0,0,0,0,0,0,0,0,0,0,0,0,0,0,0,0,0,0,0,0,0,0,0,0,0,0,0,0,0,0,0,0,0,0,0,0,0,0,0,0,0,0,0,0,0,1,
1,0,0,0,0,0,0,0,0,0,0,0,0,0,0,0,0,0,0,0,0,0,0,0,0,0,0,0,0,0,0,0,0,0,0,0,0,0,0,0,0,0,0,0,0,0,0,0,0,1,
1,0,0,0,0,0,0,0,0,0,0,0,0,0,0,0,0,0,0,0,0,0,0,0,0,0,0,0,0,0,0,0,0,0,0,0,0,0,0,0,0,0,0,0,0,0,0,0,0,1,
1,0,0,0,0,0,0,0,0,0,0,0,0,0,0,0,0,0,0,0,0,0,0,0,0,0,0,0,0,0,0,0,0,0,0,0,0,0,0,0,0,0,0,0,0,0,0,0,0,1,
1,0,0,0,1,1,2,1,0,0,0,0,0,0,0,0,0,0,0,0,0,0,0,0,0,0,0,0,0,0,0,0,0,0,0,0,0,0,0,0,0,0,0,0,0,0,0,0,0,1,
1,0,0,0,1,0,0,0,0,0,0,0,0,0,0,0,0,0,0,0,0,0,0,0,0,0,0,0,0,0,0,0,0,0,0,0,0,0,0,0,0,0,0,0,0,0,0,0,0,1,
1,0,0,0,1,0,0,0,0,0,0,0,0,0,0,0,0,0,0,0,0,0,0,0,0,0,0,0,0,0,0,0,0,0,0,0,0,0,0,0,0,0,0,0,0,0,0,0,0,1,
1,0,0,0,1,1,2,1,0,0,0,0,0,0,0,0,0,0,0,0,0,0,0,0,0,0,0,0,0,0,0,0,0,0,0,0,0,0,0,0,0,0,0,0,0,0,0,0,0,1,
1,0,0,0,0,0,0,0,0,0,0,0,0,0,0,0,0,0,0,0,0,0,0,0,0,0,0,0,0,0,0,0,0,0,0,0,0,0,0,0,0,0,0,0,0,0,0,0,0,1,
1,0,0,0,0,0,0,0,0,0,0,0,0,0,0,0,0,0,0,0,0,0,0,0,0,0,0,0,0,0,0,0,0,0,0,0,0,0,0,0,0,0,0,0,0,0,0,0,0,1,
1,0,0,0,0,0,0,0,0,0,0,0,0,0,0,0,0,0,0,0,0,0,0,0,0,0,0,0,0,0,0,0,0,0,0,0,0,0,0,0,0,0,0,0,0,0,0,0,0,1,
1,1,1,1,1,1,1,1,1,1,1,1,1,1,1,1,1,1,1,1,1,1,1,1,1,1,1,1,1,1,1,1,1,1,1,1,1,1,1,1,1,1,1,1,1,1,1,1,1,1

[event]
# to dungeon way
type=on_trigger
location=6,43,1,2
intermap=dungeon_way.txt,14,22

[event]
# to Dungeon 10
type=on_trigger
location=43,3,1,2
intermap=dungeon10.txt,8,44

