[header]
width=50
height=50
tilewidth=64
tileheight=32
orientation=isometric
music=music/dungeon_theme.ogg
tileset=tilesetdefs/tileset_dungeon.txt
title=Ancient Dungeon Level 3

[tilesets]
tileset=../../tiled/dungeon/tiled_collision.png,64,32,0,0
tileset=../../tiled/dungeon/tiled_dungeon.png,64,128,0,0
tileset=../../tiled/dungeon/set_rules.png,64,32,0,0
tileset=../../tiled/dungeon/tiled_dungeon_2x2.png,128,64,0,16
tileset=../../tiled/dungeon/door_left.png,64,128,-16,-8
tileset=../../tiled/dungeon/door_right.png,64,128,16,-8
tileset=../../tiled/dungeon/stairs.png,256,256,0,48

[layer]
type=background
data=
17,18,18,16,18,17,17,16,17,17,17,18,17,17,16,18,17,18,17,17,16,17,18,18,16,18,16,16,17,17,17,18,18,18,16,18,17,18,17,16,17,16,17,17,17,17,18,17,16,16,
18,18,18,16,18,16,16,16,17,16,16,17,18,16,17,18,17,16,18,16,16,17,17,17,18,16,16,17,18,17,17,16,17,16,18,17,18,17,18,16,17,16,17,18,18,16,17,17,18,17,
18,18,16,18,17,17,17,16,16,17,17,18,16,17,16,17,18,18,18,18,17,16,17,17,18,17,18,17,16,17,16,18,16,17,18,18,17,16,17,18,16,17,17,16,18,18,17,18,18,16,
17,16,16,16,18,16,17,16,18,16,17,16,16,16,18,18,17,16,16,16,17,17,17,16,16,18,18,18,17,17,17,17,17,17,17,17,18,17,18,18,17,16,16,17,17,17,18,16,16,16,
17,18,16,17,16,16,16,18,42,18,17,16,17,17,16,47,18,16,17,17,18,17,18,16,18,16,16,16,18,18,16,18,16,17,16,17,16,16,16,16,17,16,17,16,17,16,17,18,16,16,
17,17,18,16,18,18,18,39,18,17,16,18,17,17,18,17,17,17,17,18,16,17,16,16,16,16,18,18,17,18,16,18,17,17,17,47,17,17,16,16,18,16,16,17,17,17,18,18,18,17,
18,18,17,16,18,16,18,16,18,17,18,18,18,16,18,16,16,18,16,16,18,17,18,16,17,17,16,16,16,16,16,17,17,18,16,18,18,17,16,18,18,18,18,18,16,17,17,17,16,16,
18,16,17,18,17,16,18,17,16,17,16,16,17,42,17,44,17,18,17,16,42,18,17,17,16,17,18,16,16,16,16,16,17,17,42,16,18,17,17,18,16,18,18,18,18,18,16,18,16,18,
16,18,16,16,17,18,16,18,43,18,17,17,18,17,18,17,18,18,18,16,16,18,16,18,17,17,16,16,17,17,40,16,18,16,18,17,18,17,16,17,18,40,18,18,16,16,18,18,17,18,
18,17,16,18,17,16,17,16,17,17,17,16,18,18,18,18,16,16,18,18,17,16,16,16,17,17,18,16,39,16,18,16,18,16,16,17,16,17,17,18,17,17,18,16,17,16,18,17,18,17,
18,18,18,18,17,16,16,16,17,18,17,16,18,16,16,16,18,16,44,17,16,18,18,17,17,17,16,18,17,18,16,16,16,18,17,16,18,17,16,17,16,16,17,16,17,16,16,17,17,18,
18,18,17,18,18,16,16,42,18,18,17,17,16,17,17,17,17,16,16,18,17,16,18,16,43,16,17,18,17,17,17,18,17,17,16,17,18,17,16,18,16,16,16,17,18,18,18,18,17,18,
17,18,16,16,16,17,16,17,16,16,16,17,16,17,16,17,17,18,17,18,17,17,18,17,16,16,16,16,18,17,16,16,17,18,46,16,18,18,16,41,16,18,17,18,18,16,18,18,16,17,
17,18,16,17,18,18,18,16,17,17,18,16,17,17,17,17,16,16,17,18,18,18,16,16,16,17,18,17,16,17,17,18,18,16,18,16,16,17,16,18,17,16,17,18,16,18,18,16,18,16,
17,18,16,17,17,17,17,18,17,16,16,17,16,18,17,17,18,16,18,18,18,16,39,17,17,17,17,16,18,16,16,18,17,17,17,18,18,18,17,16,16,17,16,16,18,17,16,16,16,18,
16,18,18,17,17,18,17,16,17,40,16,17,17,17,16,16,17,18,17,18,17,17,18,17,16,16,18,16,18,18,16,16,17,16,16,18,17,17,17,17,18,18,16,17,18,17,18,17,16,18,
18,18,16,17,18,47,17,17,18,16,16,16,17,18,17,18,18,17,18,17,16,17,18,16,17,17,17,18,17,18,17,17,17,17,17,16,16,17,18,18,16,16,16,16,17,17,16,18,17,18,
18,17,16,18,16,16,16,16,18,17,16,16,18,16,18,16,16,18,16,16,18,18,17,16,18,18,16,18,17,18,16,16,18,17,18,16,17,16,18,16,18,16,18,16,16,16,16,16,16,18,
17,16,16,16,17,18,16,17,17,17,16,17,17,16,17,18,16,16,17,17,44,18,17,16,18,16,17,16,18,18,16,47,17,18,18,18,16,17,16,17,18,46,16,17,16,18,16,16,16,18,
17,18,16,17,16,16,18,17,16,18,16,16,17,17,17,16,17,16,18,16,17,17,18,17,17,18,18,18,16,17,18,18,16,16,18,18,42,18,18,18,18,16,17,18,18,17,17,18,18,18,
16,16,16,17,18,17,18,17,18,16,17,18,18,18,16,16,16,18,16,17,17,18,18,18,18,16,17,18,16,17,16,17,17,17,42,18,18,18,17,16,16,17,18,16,16,17,16,16,18,17,
17,16,18,17,16,18,16,18,17,16,16,17,16,17,16,16,17,17,17,16,17,18,17,17,18,18,18,18,18,16,18,17,17,18,17,17,18,18,18,16,41,16,18,18,18,18,17,16,17,16,
18,16,17,17,16,18,17,16,17,18,16,18,18,17,17,17,16,16,17,16,17,17,18,17,18,17,17,17,18,16,18,17,17,16,17,17,16,18,18,17,18,16,17,17,17,18,17,16,17,17,
16,16,18,16,18,17,17,18,17,18,17,16,17,17,16,18,18,16,18,18,18,16,18,16,16,16,16,18,18,18,17,18,16,18,18,17,16,17,17,17,17,18,16,18,16,18,17,16,17,18,
17,17,16,16,16,18,17,17,16,17,17,16,16,17,16,18,16,18,16,16,17,40,17,18,16,17,17,17,17,17,18,17,16,16,18,16,16,18,17,17,18,16,17,17,16,18,16,18,18,16,
18,18,16,18,17,17,18,16,18,18,16,18,18,16,17,16,17,18,18,18,16,17,16,16,18,18,16,16,18,16,17,17,18,16,16,16,18,16,16,17,17,16,16,16,18,17,18,18,18,18,
17,17,18,18,17,18,17,17,17,18,16,18,42,18,18,18,17,17,16,17,17,17,16,16,18,18,18,18,16,16,18,16,16,17,18,18,18,17,17,18,18,18,17,18,16,17,17,18,18,18,
17,18,16,18,16,18,18,16,17,18,17,16,16,18,18,17,17,17,16,18,18,16,18,18,18,17,18,17,16,17,17,16,16,18,16,17,16,16,17,16,18,16,17,16,16,18,16,17,16,18,
17,16,17,16,18,18,16,16,17,16,40,16,18,18,16,17,17,18,16,16,18,18,18,17,18,16,18,16,16,16,16,18,17,18,16,17,17,16,17,17,16,16,40,16,17,17,16,17,16,17,
17,17,17,16,18,17,16,18,18,18,16,17,40,16,16,18,17,17,18,17,16,17,16,18,18,18,16,16,17,17,18,16,16,18,17,16,16,17,16,16,18,16,17,16,39,18,17,18,16,17,
17,16,17,16,17,16,43,17,16,17,18,18,17,17,18,16,17,18,17,17,17,18,18,16,18,16,18,16,17,16,18,18,18,17,17,16,17,17,18,16,18,16,17,18,17,18,17,18,16,18,
17,18,17,17,16,17,17,17,16,16,18,18,18,18,16,39,17,18,16,40,17,18,18,16,18,18,17,16,18,16,18,18,17,17,17,17,16,16,16,18,18,17,16,17,16,16,17,18,16,17,
16,17,18,17,16,18,17,18,18,17,18,17,18,17,18,16,17,17,18,16,16,17,17,18,17,18,16,17,17,40,18,17,18,18,17,17,17,17,17,18,16,40,17,16,16,18,17,18,18,17,
17,16,17,18,18,17,17,17,17,18,18,16,17,18,16,17,16,17,16,18,17,17,16,17,18,18,16,17,18,18,18,16,17,18,17,17,18,17,16,17,17,16,17,16,18,16,16,16,17,18,
16,16,39,16,16,17,16,18,18,17,17,16,17,16,16,17,17,18,16,16,18,17,18,18,16,18,17,17,17,16,16,16,18,17,17,17,18,16,16,17,18,17,16,16,16,16,17,18,18,18,
16,16,16,17,18,17,17,18,17,17,16,16,17,18,16,16,16,18,18,18,17,16,18,16,17,39,17,16,16,17,17,16,18,18,16,16,16,18,17,18,17,16,16,18,18,18,18,17,17,17,
16,16,16,18,17,18,17,18,18,18,16,17,17,17,16,16,17,16,17,18,17,17,18,18,16,16,17,18,16,17,18,17,18,18,16,17,18,16,43,16,16,18,17,17,18,18,18,16,17,18,
18,18,16,16,18,17,17,18,16,16,18,16,16,18,16,16,17,17,16,17,17,18,18,16,16,18,17,18,17,17,17,18,18,17,16,16,18,18,16,17,16,18,17,18,17,17,18,17,18,18,
17,16,18,16,17,17,16,17,16,17,18,18,16,17,16,18,16,17,18,18,17,17,17,17,17,17,16,17,18,18,17,16,16,17,18,16,17,18,16,16,17,17,16,16,17,16,16,17,16,18,
18,16,16,17,17,18,16,18,16,18,17,17,16,18,17,17,16,41,16,17,17,17,18,17,17,17,16,16,17,16,16,17,18,17,17,16,16,17,17,18,16,18,17,16,17,17,18,16,18,17,
16,17,16,18,18,16,16,18,17,17,16,16,17,16,16,17,18,18,16,17,16,16,17,18,18,18,18,17,16,16,17,16,16,18,16,17,16,18,17,16,18,17,17,17,18,17,17,18,17,17,
18,17,16,16,16,16,18,18,17,18,17,17,18,17,17,18,17,18,16,17,16,16,16,18,40,18,18,17,17,17,18,17,17,16,17,18,18,18,17,17,18,16,17,16,16,17,16,16,16,16,
16,16,16,16,18,17,18,18,16,18,17,16,18,18,18,16,17,17,16,17,16,18,17,16,16,16,16,16,16,47,18,17,17,18,18,17,17,18,16,17,17,16,17,18,18,16,17,18,17,16,
17,16,18,18,16,18,16,18,17,16,18,16,18,17,16,17,18,18,18,16,18,16,17,18,16,17,16,17,16,18,16,17,18,18,16,17,18,17,17,18,17,41,16,17,16,17,17,18,17,17,
17,17,17,16,17,18,18,17,17,18,18,16,18,17,16,17,18,18,18,17,17,16,18,18,16,17,18,18,18,16,16,16,44,18,16,17,16,16,18,17,17,16,17,16,18,16,16,17,16,17,
16,18,16,17,16,16,18,17,16,16,18,16,17,18,17,16,17,16,16,16,17,17,17,17,17,17,16,16,18,17,17,17,17,17,16,16,16,17,16,16,18,16,16,18,16,18,18,16,16,16,
16,16,16,18,17,16,17,18,17,16,17,18,18,17,17,17,16,16,18,16,16,17,16,16,16,16,18,17,16,18,17,17,18,17,18,16,18,16,18,16,18,18,17,16,17,18,17,18,16,17,
17,17,18,18,16,17,16,17,16,17,18,16,17,16,16,18,18,18,17,18,17,18,17,17,17,18,17,17,18,18,17,18,18,18,17,18,17,17,18,17,16,17,17,18,18,16,16,18,17,17,
17,18,17,17,16,17,16,18,18,16,16,16,17,16,17,18,17,18,17,18,18,17,17,18,18,17,18,18,16,18,18,16,18,16,16,17,16,18,18,18,17,17,16,16,16,17,16,16,18,18,
18,18,17,16,18,18,16,17,18,17,17,16,16,18,17,16,18,17,17,18,17,18,16,16,17,16,17,17,17,17,16,16,17,18,18,16,17,18,16,18,16,18,17,16,18,16,17,17,17,17

[layer]
type=object
data=
77,65,65,69,69,65,69,69,69,69,69,69,69,65,69,65,65,65,65,69,65,65,69,69,65,69,69,65,69,65,69,65,69,65,69,69,65,65,78,77,69,65,65,65,69,69,69,65,65,78,
68,0,0,0,0,0,0,0,0,0,0,0,0,0,0,0,0,0,0,0,0,0,0,0,0,0,0,0,0,0,0,0,0,0,0,0,0,0,66,68,0,0,0,0,0,0,0,0,0,66,
64,0,0,0,0,0,0,0,0,0,0,0,0,0,0,0,0,0,0,0,0,0,0,0,0,0,0,0,0,0,0,0,0,0,0,0,0,0,66,68,0,0,0,0,0,0,0,0,0,66,
64,0,0,0,0,0,0,0,0,0,0,0,0,0,0,0,0,0,0,0,0,0,0,0,0,0,0,0,0,0,0,0,0,0,0,0,0,0,66,64,0,0,0,0,0,0,0,0,0,66,
64,0,0,0,0,0,0,0,0,0,0,0,0,0,0,0,0,0,0,0,0,0,0,0,0,0,0,0,0,0,0,0,0,0,0,0,0,0,66,64,0,0,0,287,0,0,0,0,0,66,
64,0,0,0,0,0,0,0,0,0,0,0,0,0,0,0,0,0,0,0,0,0,0,0,0,0,0,0,0,0,0,0,0,0,0,0,0,0,66,68,0,0,0,0,0,0,0,0,0,66,
64,0,0,0,0,0,0,0,0,0,0,0,0,0,0,0,0,0,0,0,0,0,0,0,0,0,0,0,0,0,0,0,0,0,0,0,0,0,66,64,0,0,0,0,0,0,0,0,0,66,
64,0,0,0,0,0,0,0,0,0,0,0,0,0,0,0,0,0,0,0,0,0,0,0,0,0,0,0,0,0,0,0,0,0,0,0,0,0,66,68,0,0,0,0,0,0,0,0,0,66,
68,0,0,0,0,0,75,67,67,67,67,67,67,67,67,67,67,67,67,67,67,67,67,67,67,67,67,67,67,67,67,72,0,0,0,0,0,0,66,64,0,0,0,0,0,0,0,0,0,66,
68,0,0,0,0,0,66,77,65,69,65,65,65,65,69,69,65,69,69,65,69,69,65,65,69,69,65,69,69,69,78,64,0,0,0,0,0,0,66,68,0,0,0,0,0,0,0,0,0,66,
68,0,0,0,0,0,66,68,0,0,0,0,0,0,0,0,0,0,0,0,0,0,0,0,0,0,0,0,0,0,66,64,0,0,0,0,0,0,66,68,0,0,0,0,0,0,0,0,0,66,
64,0,0,0,0,0,66,68,0,0,0,0,0,0,0,0,0,0,0,0,0,0,0,0,0,0,0,0,0,0,66,64,0,0,0,0,0,0,66,68,0,0,0,0,0,0,0,0,0,66,
68,0,0,0,0,0,66,68,0,0,0,0,0,0,0,0,0,0,0,0,0,0,0,0,0,0,0,0,0,0,66,64,0,0,0,0,0,0,66,64,0,0,0,0,0,0,0,0,0,66,
68,0,0,0,0,0,66,68,0,0,0,0,0,0,0,0,0,0,0,0,0,0,0,0,0,0,0,0,0,0,66,64,0,0,0,0,0,0,66,68,0,0,0,0,0,0,0,0,0,66,
64,0,0,0,0,0,66,64,0,0,0,0,0,0,0,0,0,0,0,0,0,0,0,0,0,0,0,0,0,0,66,64,0,0,0,0,0,0,66,68,0,0,0,0,0,0,0,0,0,66,
68,0,0,0,0,0,66,64,0,0,0,0,0,0,0,0,0,0,0,0,0,0,0,0,0,0,0,0,0,0,66,64,0,0,0,0,0,0,66,68,0,0,0,0,0,0,0,0,0,66,
68,0,0,0,0,0,66,64,0,0,0,0,0,75,67,67,67,67,67,67,67,67,67,72,0,0,0,0,0,0,66,64,0,0,0,0,0,0,66,64,0,0,0,0,0,0,0,0,0,66,
68,0,0,0,0,0,66,64,0,0,0,0,0,66,77,65,65,65,0,0,0,65,65,73,0,0,0,0,0,0,66,64,0,0,0,0,0,0,66,64,0,0,0,0,0,0,0,0,0,66,
68,0,0,0,0,0,66,64,0,0,0,0,0,66,64,0,0,0,0,0,0,0,0,0,0,0,0,0,0,0,66,64,0,0,0,0,0,0,66,64,0,0,0,0,0,0,0,0,0,66,
68,0,0,0,0,0,66,64,0,0,0,0,0,66,68,0,0,0,0,0,0,0,0,0,0,0,0,0,0,0,66,64,0,0,0,0,0,0,66,64,0,0,0,0,0,0,0,0,0,66,
64,0,0,0,0,0,66,68,0,0,0,0,0,66,64,0,0,0,284,0,0,0,0,0,0,0,0,0,0,0,66,64,0,0,0,0,0,0,66,64,0,0,0,0,0,0,0,0,0,66,
68,0,0,0,0,0,66,68,0,0,0,0,0,66,68,0,0,0,0,0,0,0,0,0,0,0,0,0,0,0,66,64,0,0,0,0,0,0,66,64,0,0,0,0,0,0,0,0,0,66,
64,0,0,0,0,0,66,64,0,0,0,0,0,66,64,0,0,0,0,0,0,0,0,0,0,0,0,0,0,0,66,64,0,0,0,0,0,0,66,64,0,0,0,0,0,0,0,0,0,66,
64,0,0,0,0,0,66,64,0,0,0,0,0,66,68,0,0,0,0,0,0,0,0,0,0,0,0,0,0,0,66,64,0,0,0,0,0,0,66,64,0,0,0,0,0,0,0,0,0,66,
64,0,0,0,0,0,66,64,0,0,0,0,0,66,64,0,0,0,0,0,0,0,0,0,0,0,0,0,0,0,66,64,0,0,0,0,0,0,66,64,0,0,0,0,0,0,0,0,0,66,
68,0,0,0,0,0,66,68,0,0,0,0,0,66,76,67,67,67,67,67,67,67,67,67,67,67,67,67,67,67,79,64,0,0,0,0,0,0,66,68,0,0,0,0,0,0,0,0,0,66,
68,0,0,0,0,0,66,68,0,0,0,0,0,74,65,65,65,65,65,65,65,65,65,65,65,65,65,65,65,65,65,73,0,0,0,0,0,0,66,68,0,0,0,0,0,0,0,0,0,66,
68,0,0,0,0,0,66,68,0,0,0,0,0,0,0,0,0,0,0,0,0,0,0,0,0,0,0,0,0,0,0,0,0,0,0,0,0,0,66,64,0,0,0,0,0,0,0,0,0,66,
68,0,0,0,0,0,66,68,0,0,0,0,0,0,0,0,0,0,0,0,0,0,0,0,0,0,0,0,0,0,0,0,0,0,0,0,0,0,66,68,0,0,0,0,0,0,0,0,0,66,
64,0,0,0,0,0,66,64,0,0,0,0,0,0,0,0,0,0,0,0,0,0,0,0,0,0,0,0,0,0,0,0,0,0,0,0,0,0,66,68,0,0,0,0,0,0,0,0,0,66,
64,0,0,0,0,0,66,64,0,0,0,0,0,0,0,0,0,0,0,0,0,0,0,0,0,0,0,0,0,0,0,0,0,0,0,0,0,0,66,68,0,0,0,0,0,0,0,0,0,66,
64,0,0,0,0,0,66,68,0,0,0,0,0,0,0,0,0,0,0,0,0,0,0,0,0,0,0,0,0,0,0,0,0,0,0,0,0,0,66,68,0,0,0,0,0,0,0,0,0,66,
64,0,0,0,0,0,66,68,0,0,0,0,0,0,0,0,0,0,0,0,0,0,0,0,0,0,0,0,0,0,0,0,0,0,0,0,0,0,66,64,0,0,0,0,0,0,0,0,0,66,
68,0,0,0,0,0,66,68,0,0,0,0,0,0,0,0,0,0,0,0,0,0,0,0,0,0,0,0,0,0,0,0,0,0,0,0,0,0,66,68,0,0,0,0,0,0,0,0,0,66,
64,0,0,0,0,0,66,68,0,0,0,0,0,0,0,0,0,0,0,0,0,0,0,0,0,0,0,0,0,0,0,0,0,0,0,0,0,0,66,68,0,0,0,0,0,0,0,0,0,66,
64,0,0,0,0,0,66,68,0,0,0,0,0,0,0,0,0,0,0,0,0,0,0,0,0,0,0,0,0,0,0,0,0,0,0,0,0,0,66,64,0,0,0,0,0,0,0,0,0,66,
64,0,0,0,0,0,66,76,67,67,67,67,67,67,67,67,67,67,67,67,67,67,67,67,67,67,67,67,67,67,67,67,67,67,67,67,67,67,79,64,0,0,0,0,0,0,0,0,0,66,
68,0,0,0,0,0,74,69,69,69,69,69,65,65,65,65,65,69,69,69,65,69,65,65,69,69,69,65,69,69,65,65,65,65,69,69,69,69,69,73,0,0,0,0,0,0,0,0,0,66,
64,0,0,0,0,0,0,0,0,0,0,0,0,0,0,0,0,0,0,0,0,0,0,0,0,0,0,0,0,0,0,0,0,0,0,0,0,0,0,0,0,0,0,0,0,0,0,0,0,66,
64,0,0,0,0,0,0,0,0,0,0,0,0,0,0,0,0,0,0,0,0,0,0,0,0,0,0,0,0,0,0,0,0,0,0,0,0,0,0,0,0,0,0,0,0,0,0,0,0,66,
64,0,0,0,0,0,0,0,0,0,0,0,0,0,0,0,0,0,0,0,0,0,0,0,0,0,0,0,0,0,0,0,0,0,0,0,0,0,0,0,0,0,0,0,0,0,0,0,0,66,
64,0,0,0,0,0,0,0,0,0,0,0,0,0,0,0,0,0,0,0,0,0,0,0,0,0,0,0,0,0,0,0,0,0,0,0,0,0,0,0,0,0,0,0,0,0,0,0,0,66,
68,0,0,0,0,0,0,0,0,0,0,0,0,0,0,0,0,0,0,0,0,0,0,0,0,0,0,0,0,0,0,0,0,0,0,0,0,0,0,0,0,0,0,0,0,0,0,0,0,66,
68,0,0,0,0,0,0,0,0,0,0,0,0,0,0,0,0,0,0,0,0,0,0,0,0,0,0,0,0,0,0,0,0,0,0,0,0,0,0,0,0,0,0,0,0,0,0,0,0,66,
64,0,0,0,0,0,0,0,0,0,0,0,0,0,0,0,0,0,0,0,0,0,0,0,0,0,0,0,0,0,0,0,0,0,0,0,0,0,0,0,0,0,0,0,0,0,0,0,0,66,
64,0,0,0,0,0,0,0,0,0,0,0,0,0,0,0,0,0,0,0,0,0,0,0,0,0,0,0,0,0,0,0,0,0,0,0,0,0,0,0,0,0,0,0,0,0,0,0,0,66,
64,0,0,0,0,0,0,0,0,0,0,0,0,0,0,0,0,0,0,0,0,0,0,0,0,0,0,0,0,0,0,0,0,0,0,0,0,0,0,0,0,0,0,0,0,0,0,0,0,66,
68,0,0,0,0,0,0,0,0,0,0,0,0,0,0,0,0,0,0,0,0,0,0,0,0,0,0,0,0,0,0,0,0,0,0,0,0,0,0,0,0,0,0,0,0,0,0,0,0,66,
68,0,0,0,0,0,0,0,0,0,0,0,0,0,0,0,0,0,0,0,0,0,0,0,0,0,0,0,0,0,0,0,0,0,0,0,0,0,0,0,0,0,0,0,0,0,0,0,0,66,
76,67,67,67,67,67,67,67,67,67,67,67,67,67,67,67,67,67,67,67,67,67,67,67,67,67,67,67,67,67,67,67,67,67,67,67,67,67,67,67,67,67,67,67,67,67,67,67,67,79

[layer]
type=collision
data=
1,1,1,1,1,1,1,1,1,1,1,1,1,1,1,1,1,1,1,1,1,1,1,1,1,1,1,1,1,1,1,1,1,1,1,1,1,1,1,1,1,1,1,1,1,1,1,1,1,1,
1,0,0,0,0,0,0,0,0,0,0,0,0,0,0,0,0,0,0,0,0,0,0,0,0,0,0,0,0,0,0,0,0,0,0,0,0,0,1,1,0,0,0,2,2,2,2,0,0,1,
1,0,0,0,0,0,0,0,0,0,0,0,0,0,0,0,0,0,0,0,0,0,0,0,0,0,0,0,0,0,0,0,0,0,0,0,0,0,1,1,0,0,0,0,0,0,2,0,0,1,
1,0,0,0,0,0,0,0,0,0,0,0,0,0,0,0,0,0,0,0,0,0,0,0,0,0,0,0,0,0,0,0,0,0,0,0,0,0,1,1,0,0,0,0,0,0,2,0,0,1,
1,0,0,0,0,0,0,0,0,0,0,0,0,0,0,0,0,0,0,0,0,0,0,0,0,0,0,0,0,0,0,0,0,0,0,0,0,0,1,1,0,0,0,2,2,2,2,0,0,1,
1,0,0,0,0,0,0,0,0,0,0,0,0,0,0,0,0,0,0,0,0,0,0,0,0,0,0,0,0,0,0,0,0,0,0,0,0,0,1,1,0,0,0,0,0,0,0,0,0,1,
1,0,0,0,0,0,0,0,0,0,0,0,0,0,0,0,0,0,0,0,0,0,0,0,0,0,0,0,0,0,0,0,0,0,0,0,0,0,1,1,0,0,0,0,0,0,0,0,0,1,
1,0,0,0,0,0,0,0,0,0,0,0,0,0,0,0,0,0,0,0,0,0,0,0,0,0,0,0,0,0,0,0,0,0,0,0,0,0,1,1,0,0,0,0,0,0,0,0,0,1,
1,0,0,0,0,0,1,1,1,1,1,1,1,1,1,1,1,1,1,1,1,1,1,1,1,1,1,1,1,1,1,1,0,0,0,0,0,0,1,1,0,0,0,0,0,0,0,0,0,1,
1,0,0,0,0,0,1,1,1,1,1,1,1,1,1,1,1,1,1,1,1,1,1,1,1,1,1,1,1,1,1,1,0,0,0,0,0,0,1,1,0,0,0,0,0,0,0,0,0,1,
1,0,0,0,0,0,1,1,0,0,0,0,0,0,0,0,0,0,0,0,0,0,0,0,0,0,0,0,0,0,1,1,0,0,0,0,0,0,1,1,0,0,0,0,0,0,0,0,0,1,
1,0,0,0,0,0,1,1,0,0,0,0,0,0,0,0,0,0,0,0,0,0,0,0,0,0,0,0,0,0,1,1,0,0,0,0,0,0,1,1,0,0,0,0,0,0,0,0,0,1,
1,0,0,0,0,0,1,1,0,0,0,0,0,0,0,0,0,0,0,0,0,0,0,0,0,0,0,0,0,0,1,1,0,0,0,0,0,0,1,1,0,0,0,0,0,0,0,0,0,1,
1,0,0,0,0,0,1,1,0,0,0,0,0,0,0,0,0,0,0,0,0,0,0,0,0,0,0,0,0,0,1,1,0,0,0,0,0,0,1,1,0,0,0,0,0,0,0,0,0,1,
1,0,0,0,0,0,1,1,0,0,0,0,0,0,0,0,0,0,0,0,0,0,0,0,0,0,0,0,0,0,1,1,0,0,0,0,0,0,1,1,0,0,0,0,0,0,0,0,0,1,
1,0,0,0,0,0,1,1,0,0,0,0,0,0,0,0,0,0,0,0,0,0,0,0,0,0,0,0,0,0,1,1,0,0,0,0,0,0,1,1,0,0,0,0,0,0,0,0,0,1,
1,0,0,0,0,0,1,1,0,0,0,0,0,1,1,1,1,1,1,1,1,1,1,1,0,0,0,0,0,0,1,1,0,0,0,0,0,0,1,1,0,0,0,0,0,0,0,0,0,1,
1,0,0,0,0,0,1,1,0,0,0,0,0,1,1,1,1,1,1,1,1,1,1,1,0,0,0,0,0,0,1,1,0,0,0,0,0,0,1,1,0,0,0,0,0,0,0,0,0,1,
1,0,0,0,0,0,1,1,0,0,0,0,0,1,1,0,0,0,1,0,0,1,0,0,0,0,0,0,0,0,1,1,0,0,0,0,0,0,1,1,0,0,0,0,0,0,0,0,0,1,
1,0,0,0,0,0,1,1,0,0,0,0,0,1,1,0,0,0,2,0,0,2,0,0,0,0,0,0,0,0,1,1,0,0,0,0,0,0,1,1,0,0,0,0,0,0,0,0,0,1,
1,0,0,0,0,0,1,1,0,0,0,0,0,1,1,0,0,0,1,0,0,1,0,0,0,0,0,0,0,0,1,1,0,0,0,0,0,0,1,1,0,0,0,0,0,0,0,0,0,1,
1,0,0,0,0,0,1,1,0,0,0,0,0,1,1,0,0,0,0,0,0,0,0,0,0,0,0,0,0,0,1,1,0,0,0,0,0,0,1,1,0,0,0,0,0,0,0,0,0,1,
1,0,0,0,0,0,1,1,0,0,0,0,0,1,1,0,0,0,0,0,0,0,0,0,0,0,0,0,0,0,1,1,0,0,0,0,0,0,1,1,0,0,0,0,0,0,0,0,0,1,
1,0,0,0,0,0,1,1,0,0,0,0,0,1,1,0,0,0,0,0,0,0,0,0,0,0,0,0,0,0,1,1,0,0,0,0,0,0,1,1,0,0,0,0,0,0,0,0,0,1,
1,0,0,0,0,0,1,1,0,0,0,0,0,1,1,0,0,0,0,0,0,0,0,0,0,0,0,0,0,0,1,1,0,0,0,0,0,0,1,1,0,0,0,0,0,0,0,0,0,1,
1,0,0,0,0,0,1,1,0,0,0,0,0,1,1,1,1,1,1,1,1,1,1,1,1,1,1,1,1,1,1,1,0,0,0,0,0,0,1,1,0,0,0,0,0,0,0,0,0,1,
1,0,0,0,0,0,1,1,0,0,0,0,0,1,1,1,1,1,1,1,1,1,1,1,1,1,1,1,1,1,1,1,0,0,0,0,0,0,1,1,0,0,0,0,0,0,0,0,0,1,
1,0,0,0,0,0,1,1,0,0,0,0,0,0,0,0,0,0,0,0,0,0,0,0,0,0,0,0,0,0,0,0,0,0,0,0,0,0,1,1,0,0,0,0,0,0,0,0,0,1,
1,0,0,0,0,0,1,1,0,0,0,0,0,0,0,0,0,0,0,0,0,0,0,0,0,0,0,0,0,0,0,0,0,0,0,0,0,0,1,1,0,0,0,0,0,0,0,0,0,1,
1,0,0,0,0,0,1,1,0,0,0,0,0,0,0,0,0,0,0,0,0,0,0,0,0,0,0,0,0,0,0,0,0,0,0,0,0,0,1,1,0,0,0,0,0,0,0,0,0,1,
1,0,0,0,0,0,1,1,0,0,0,0,0,0,0,0,0,0,0,0,0,0,0,0,0,0,0,0,0,0,0,0,0,0,0,0,0,0,1,1,0,0,0,0,0,0,0,0,0,1,
1,0,0,0,0,0,1,1,0,0,0,0,0,0,0,0,0,0,0,0,0,0,0,0,0,0,0,0,0,0,0,0,0,0,0,0,0,0,1,1,0,0,0,0,0,0,0,0,0,1,
1,0,0,0,0,0,1,1,0,0,0,0,0,0,0,0,0,0,0,0,0,0,0,0,0,0,0,0,0,0,0,0,0,0,0,0,0,0,1,1,0,0,0,0,0,0,0,0,0,1,
1,0,0,0,0,0,1,1,0,0,0,0,0,0,0,0,0,0,0,0,0,0,0,0,0,0,0,0,0,0,0,0,0,0,0,0,0,0,1,1,0,0,0,0,0,0,0,0,0,1,
1,0,0,0,0,0,1,1,0,0,0,0,0,0,0,0,0,0,0,0,0,0,0,0,0,0,0,0,0,0,0,0,0,0,0,0,0,0,1,1,0,0,0,0,0,0,0,0,0,1,
1,0,0,0,0,0,1,1,0,0,0,0,0,0,0,0,0,0,0,0,0,0,0,0,0,0,0,0,0,0,0,0,0,0,0,0,0,0,1,1,0,0,0,0,0,0,0,0,0,1,
1,0,0,0,0,0,1,1,1,1,1,1,1,1,1,1,1,1,1,1,1,1,1,1,1,1,1,1,1,1,1,1,1,1,1,1,1,1,1,1,0,0,0,0,0,0,0,0,0,1,
1,0,0,0,0,0,1,1,1,1,1,1,1,1,1,1,1,1,1,1,1,1,1,1,1,1,1,1,1,1,1,1,1,1,1,1,1,1,1,1,0,0,0,0,0,0,0,0,0,1,
1,0,0,0,0,0,0,0,0,0,0,0,0,0,0,0,0,0,0,0,0,0,0,0,0,0,0,0,0,0,0,0,0,0,0,0,0,0,0,0,0,0,0,0,0,0,0,0,0,1,
1,0,0,0,0,0,0,0,0,0,0,0,0,0,0,0,0,0,0,0,0,0,0,0,0,0,0,0,0,0,0,0,0,0,0,0,0,0,0,0,0,0,0,0,0,0,0,0,0,1,
1,0,0,0,0,0,0,0,0,0,0,0,0,0,0,0,0,0,0,0,0,0,0,0,0,0,0,0,0,0,0,0,0,0,0,0,0,0,0,0,0,0,0,0,0,0,0,0,0,1,
1,0,0,0,0,0,0,0,0,0,0,0,0,0,0,0,0,0,0,0,0,0,0,0,0,0,0,0,0,0,0,0,0,0,0,0,0,0,0,0,0,0,0,0,0,0,0,0,0,1,
1,0,0,0,0,0,0,0,0,0,0,0,0,0,0,0,0,0,0,0,0,0,0,0,0,0,0,0,0,0,0,0,0,0,0,0,0,0,0,0,0,0,0,0,0,0,0,0,0,1,
1,0,0,0,0,0,0,0,0,0,0,0,0,0,0,0,0,0,0,0,0,0,0,0,0,0,0,0,0,0,0,0,0,0,0,0,0,0,0,0,0,0,0,0,0,0,0,0,0,1,
1,0,0,0,0,0,0,0,0,0,0,0,0,0,0,0,0,0,0,0,0,0,0,0,0,0,0,0,0,0,0,0,0,0,0,0,0,0,0,0,0,0,0,0,0,0,0,0,0,1,
1,0,0,0,0,0,0,0,0,0,0,0,0,0,0,0,0,0,0,0,0,0,0,0,0,0,0,0,0,0,0,0,0,0,0,0,0,0,0,0,0,0,0,0,0,0,0,0,0,1,
1,0,0,0,0,0,0,0,0,0,0,0,0,0,0,0,0,0,0,0,0,0,0,0,0,0,0,0,0,0,0,0,0,0,0,0,0,0,0,0,0,0,0,0,0,0,0,0,0,1,
1,0,0,0,0,0,0,0,0,0,0,0,0,0,0,0,0,0,0,0,0,0,0,0,0,0,0,0,0,0,0,0,0,0,0,0,0,0,0,0,0,0,0,0,0,0,0,0,0,1,
1,0,0,0,0,0,0,0,0,0,0,0,0,0,0,0,0,0,0,0,0,0,0,0,0,0,0,0,0,0,0,0,0,0,0,0,0,0,0,0,0,0,0,0,0,0,0,0,0,1,
1,1,1,1,1,1,1,1,1,1,1,1,1,1,1,1,1,1,1,1,1,1,1,1,1,1,1,1,1,1,1,1,1,1,1,1,1,1,1,1,1,1,1,1,1,1,1,1,1,1

[event]
# to dungeon 2
type=on_trigger
location=19,19,2,1
intermap=maps/dungeon2.txt,17,15

[event]
# to dungeon 4
type=on_trigger
location=44,2,1,2
intermap=maps/dungeon4.txt,45,5

[enemy]
# skeletons
type=dungeon_skeleton
location=1,27,48,22
level=20,30
number=8,12

[enemy]
# skeletons
type=dungeon_skeleton
location=1,1,12,26
level=20,30
number=4,8

