[header]
width=50
height=50
tilewidth=64
tileheight=32
music=music/dungeon_theme.ogg
tileset=tilesetdefs/tileset_dungeon.txt
title=Ancient Dungeon Level 4

[tilesets]
tileset=../../tiled/dungeon/tiled_collision.png,64,32,0,0
tileset=../../tiled/dungeon/tiled_dungeon.png,64,128,0,0
tileset=../../tiled/dungeon/set_rules.png,64,32,0,0
tileset=../../tiled/dungeon/tiled_dungeon_2x2.png,128,64,0,16
tileset=../../tiled/dungeon/door_left.png,64,128,-16,-8
tileset=../../tiled/dungeon/door_right.png,64,128,16,-8
tileset=../../tiled/dungeon/stairs.png,256,256,0,48

[layer]
type=background
data=
17,18,18,16,18,17,17,16,17,17,17,18,17,17,16,18,17,18,17,17,16,17,18,18,16,18,16,16,17,17,17,18,18,18,16,18,17,18,17,16,17,16,17,17,17,17,18,17,16,16,
18,18,18,16,18,16,16,16,17,16,16,17,18,16,17,18,17,16,18,16,16,17,17,17,18,16,16,17,18,17,17,16,17,16,18,17,18,17,18,16,17,16,17,18,18,16,17,17,18,17,
18,18,16,18,17,17,17,16,16,17,17,18,16,17,16,17,18,18,18,18,17,16,17,17,18,17,18,17,16,17,16,18,16,17,18,18,17,16,17,18,16,17,17,16,18,18,17,18,18,16,
17,16,16,16,18,16,17,16,18,16,17,16,16,16,18,18,17,16,16,16,17,17,17,16,16,18,18,18,17,17,17,17,17,17,17,17,18,17,18,18,17,16,16,17,17,17,18,16,16,16,
17,18,16,17,16,16,16,18,42,18,17,16,17,17,16,47,18,16,17,17,18,17,18,16,18,16,16,16,18,18,16,18,16,17,16,17,16,16,16,16,17,16,17,16,17,16,17,18,16,16,
17,17,18,16,18,18,18,39,18,17,16,18,17,17,18,17,17,17,17,18,16,17,16,16,16,16,18,18,17,18,16,18,17,17,17,47,17,17,16,16,18,16,16,17,17,17,18,18,18,17,
18,18,17,16,18,16,18,16,18,17,18,18,18,16,18,16,16,18,16,16,18,17,18,16,17,17,16,16,16,16,16,17,17,18,16,18,18,17,16,18,18,18,18,18,16,17,17,17,16,16,
18,16,17,18,17,16,18,17,16,17,16,16,17,42,17,44,17,18,17,16,42,18,17,17,16,17,18,16,16,16,16,16,17,17,42,16,18,17,17,18,16,18,18,18,18,18,16,18,16,18,
16,18,16,16,17,18,16,18,43,18,17,17,18,17,18,17,18,18,18,16,16,18,16,18,17,17,16,16,17,17,40,16,18,16,18,17,18,17,16,17,18,40,18,18,16,16,18,18,17,18,
18,17,16,18,17,16,17,16,17,17,17,16,18,18,18,18,16,16,18,18,17,16,16,16,17,17,18,16,39,16,18,16,18,16,16,17,16,17,17,18,17,17,18,16,17,16,18,17,18,17,
18,18,18,18,17,16,16,16,17,18,17,16,18,16,16,16,18,16,44,17,16,18,18,17,17,17,16,18,17,18,16,16,16,18,17,16,18,17,16,17,16,16,17,16,17,16,16,17,17,18,
18,18,17,18,18,16,16,42,18,18,17,17,16,17,17,17,17,16,16,18,17,16,18,16,43,16,17,18,17,17,17,18,17,17,16,17,18,17,16,18,16,16,16,17,18,18,18,18,17,18,
17,18,16,16,16,17,16,17,16,16,16,17,16,17,16,17,17,18,17,18,17,17,18,17,16,16,16,16,18,17,16,16,17,18,46,16,18,18,16,41,16,18,17,18,18,16,18,18,16,17,
17,18,16,17,18,18,18,16,17,17,18,16,17,17,17,17,16,16,17,18,18,18,16,16,16,17,18,17,16,17,17,18,18,16,18,16,16,17,16,18,17,16,17,18,16,18,18,16,18,16,
17,18,16,17,17,17,17,18,17,16,16,17,16,18,17,17,18,16,18,18,18,16,39,17,17,17,17,16,18,16,16,18,17,17,17,18,18,18,17,16,16,17,16,16,18,17,16,16,16,18,
16,18,18,17,17,18,17,16,17,40,16,17,17,17,16,16,17,18,17,18,17,17,18,17,16,16,18,16,18,18,16,16,17,16,16,18,17,17,17,17,18,18,16,17,18,17,18,17,16,18,
18,18,16,17,18,47,17,17,18,16,16,16,17,18,17,18,18,17,18,17,16,17,18,16,17,17,17,18,17,18,17,17,17,17,17,16,16,17,18,18,16,16,16,16,17,17,16,18,17,18,
18,17,16,18,16,16,16,16,18,17,16,16,18,16,18,16,16,18,16,16,18,18,17,16,18,18,16,18,17,18,16,16,18,17,18,16,17,16,18,16,18,16,18,16,16,16,16,16,16,18,
17,16,16,16,17,18,16,17,17,17,16,17,17,16,17,18,16,16,17,17,44,18,17,16,18,16,17,16,18,18,16,47,17,18,18,18,16,17,16,17,18,46,16,17,16,18,16,16,16,18,
17,18,16,17,16,16,18,17,16,18,16,16,17,17,17,16,17,16,18,16,17,17,18,17,17,18,18,18,16,17,18,18,16,16,18,18,42,18,18,18,18,16,17,18,18,17,17,18,18,18,
16,16,16,17,18,17,18,17,18,16,17,18,18,18,16,16,16,18,16,17,17,18,18,18,18,16,17,18,16,17,16,17,17,17,42,18,18,18,17,16,16,17,18,16,16,17,16,16,18,17,
17,16,18,17,16,18,16,18,17,16,16,17,16,17,16,16,17,17,17,16,17,18,17,17,18,18,18,18,18,16,18,17,17,18,17,17,18,18,18,16,41,16,18,18,18,18,17,16,17,16,
18,16,17,17,16,18,17,16,17,18,16,18,18,17,17,17,16,16,17,16,17,17,18,17,18,17,17,17,18,16,18,17,17,16,17,17,16,18,18,17,18,16,17,17,17,18,17,16,17,17,
16,16,18,16,18,17,17,18,17,18,17,16,17,17,16,18,18,16,18,18,18,16,18,16,16,16,16,18,18,18,17,18,16,18,18,17,16,17,17,17,17,18,16,18,16,18,17,16,17,18,
17,17,16,16,16,18,17,17,16,17,17,16,16,17,16,18,16,18,16,16,17,40,17,18,16,17,17,17,17,17,18,17,16,16,18,16,16,18,17,17,18,16,17,17,16,18,16,18,18,16,
18,18,16,18,17,17,18,16,18,18,16,18,18,16,17,16,17,18,18,18,16,17,16,16,18,18,16,16,18,16,17,17,18,16,16,16,18,16,16,17,17,16,16,16,18,17,18,18,18,18,
17,17,18,18,17,18,17,17,17,18,16,18,42,18,18,18,17,17,16,17,17,17,16,16,18,18,18,18,16,16,18,16,16,17,18,18,18,17,17,18,18,18,17,18,16,17,17,18,18,18,
17,18,16,18,16,18,18,16,17,18,17,16,16,18,18,17,17,17,16,18,18,16,18,18,18,17,18,17,16,17,17,16,16,18,16,17,16,16,17,16,18,16,17,16,16,18,16,17,16,18,
17,16,17,16,18,18,16,16,17,16,40,16,18,18,16,17,17,18,16,16,18,18,18,17,18,16,18,16,16,16,16,18,17,18,16,17,17,16,17,17,16,16,40,16,17,17,16,17,16,17,
17,17,17,16,18,17,16,18,18,18,16,17,40,16,16,18,17,17,18,17,16,17,16,18,18,18,16,16,17,17,18,16,16,18,17,16,16,17,16,16,18,16,17,16,39,18,17,18,16,17,
17,16,17,16,17,16,43,17,16,17,18,18,17,17,18,16,17,18,17,17,17,18,18,16,18,16,18,16,17,16,18,18,18,17,17,16,17,17,18,16,18,16,17,18,17,18,17,18,16,18,
17,18,17,17,16,17,17,17,16,16,18,18,18,18,16,39,17,18,16,40,17,18,18,16,18,18,17,16,18,16,18,18,17,17,17,17,16,16,16,18,18,17,16,17,16,16,17,18,16,17,
16,17,18,17,16,18,17,18,18,17,18,17,18,17,18,16,17,17,18,16,16,17,17,18,17,18,16,17,17,40,18,17,18,18,17,17,17,17,17,18,16,40,17,16,16,18,17,18,18,17,
17,16,17,18,18,17,17,17,17,18,18,16,17,18,16,17,16,17,16,18,17,17,16,17,18,18,16,17,18,18,18,16,17,18,17,17,18,17,16,17,17,16,17,16,18,16,16,16,17,18,
16,16,39,16,16,17,16,18,18,17,17,16,17,16,16,17,17,18,16,16,18,17,18,18,16,18,17,17,17,16,16,16,18,17,17,17,18,16,16,17,18,17,16,16,16,16,17,18,18,18,
16,16,16,17,18,17,17,18,17,17,16,16,17,18,16,16,16,18,18,18,17,16,18,16,17,39,17,16,16,17,17,16,18,18,16,16,16,18,17,18,17,16,16,18,18,18,18,17,17,17,
16,16,16,18,17,18,17,18,18,18,16,17,17,17,16,16,17,16,17,18,17,17,18,18,16,16,17,18,16,17,18,17,18,18,16,17,18,16,43,16,16,18,17,17,18,18,18,16,17,18,
18,18,16,16,18,17,17,18,16,16,18,16,16,18,16,16,17,17,16,17,17,18,18,16,16,18,17,18,17,17,17,18,18,17,16,16,18,18,16,17,16,18,17,18,17,17,18,17,18,18,
17,16,18,16,17,17,16,17,16,17,18,18,16,17,16,18,16,17,18,18,17,17,17,17,17,17,16,17,18,18,17,16,16,17,18,16,17,18,16,16,17,17,16,16,17,16,16,17,16,18,
18,16,16,17,17,18,16,18,16,18,17,17,16,18,17,17,16,41,16,17,17,17,18,17,17,17,16,16,17,16,16,17,18,17,17,16,16,17,17,18,16,18,17,16,17,17,18,16,18,17,
16,17,16,18,18,16,16,18,17,17,16,16,17,16,16,17,18,18,16,17,16,16,17,18,18,18,18,17,16,16,17,16,16,18,16,17,16,18,17,16,18,17,17,17,18,17,17,18,17,17,
18,17,16,16,16,16,18,18,17,18,17,17,18,17,17,18,17,18,16,17,16,16,16,18,40,18,18,17,17,17,18,17,17,16,17,18,18,18,17,17,18,16,17,16,16,17,16,16,16,16,
16,16,16,16,18,17,18,18,16,18,17,16,18,18,18,16,17,17,16,17,16,18,17,16,16,16,16,16,16,47,18,17,17,18,18,17,17,18,16,17,17,16,17,18,18,16,17,18,17,16,
17,16,18,18,16,18,16,18,17,16,18,16,18,17,16,17,18,18,18,16,18,16,17,18,16,17,16,17,16,18,16,17,18,18,16,17,18,17,17,18,17,41,16,17,16,17,17,18,17,17,
17,17,17,16,17,18,18,17,17,18,18,16,18,17,16,17,18,18,18,17,17,16,18,18,16,17,18,18,18,16,16,16,44,18,16,17,16,16,18,17,17,16,17,16,18,16,16,17,16,17,
16,18,16,17,16,16,18,17,16,16,18,16,17,18,17,16,17,16,16,16,17,17,17,17,17,17,16,16,18,17,17,17,17,17,16,16,16,17,16,16,18,16,16,18,16,18,18,16,16,16,
16,16,16,18,17,16,17,18,17,16,17,18,18,17,17,17,16,16,18,16,16,17,16,16,16,16,18,17,16,18,17,17,18,17,18,16,18,16,18,16,18,18,17,16,17,18,17,18,16,17,
17,17,18,18,16,17,16,17,16,17,18,16,17,16,16,18,18,18,17,18,17,18,17,17,17,18,17,17,18,18,17,18,18,18,17,18,17,17,18,17,16,17,17,18,18,16,16,18,17,17,
17,18,17,17,16,17,16,18,18,16,16,16,17,16,17,18,17,18,17,18,18,17,17,18,18,17,18,18,16,18,18,16,18,16,16,17,16,18,18,18,17,17,16,16,16,17,16,16,18,18,
18,18,17,16,18,18,16,17,18,17,17,16,16,18,17,16,18,17,17,18,17,18,16,16,17,16,17,17,17,17,16,16,17,18,18,16,17,18,16,18,16,18,17,16,18,16,17,17,17,17

[layer]
type=object
data=
77,65,65,69,69,65,69,69,69,69,69,69,69,65,69,65,65,65,65,69,65,65,78,77,65,69,69,65,69,65,69,65,69,65,69,69,65,65,69,78,77,65,65,65,69,69,69,65,65,78,
68,0,0,0,0,0,0,0,0,0,0,0,0,0,0,0,0,0,0,0,0,0,66,68,0,0,0,0,0,0,0,0,0,0,0,0,0,0,0,66,68,0,0,0,0,0,0,0,0,66,
64,0,0,0,0,0,0,0,0,0,0,0,0,0,0,0,0,0,0,0,0,0,66,68,0,0,0,0,0,0,0,0,0,0,0,0,0,0,0,66,68,0,0,0,0,0,0,0,0,66,
64,0,0,0,0,0,0,0,0,0,0,0,0,0,0,0,0,0,0,0,0,0,66,68,0,0,0,0,0,0,0,0,0,0,0,0,0,0,0,66,68,0,0,0,0,0,0,0,0,66,
64,0,0,0,0,0,0,0,0,0,0,0,0,0,0,0,0,0,0,0,0,0,66,64,0,0,0,0,0,0,0,0,0,0,0,0,0,0,0,66,68,0,0,0,0,0,0,0,0,66,
64,0,0,0,0,0,0,0,0,0,0,0,0,0,0,0,0,0,0,0,0,0,66,68,0,0,0,0,0,0,0,0,0,0,0,0,0,0,0,66,68,0,0,0,0,0,0,0,0,66,
64,0,0,0,0,0,0,0,0,0,0,0,0,0,0,0,0,0,0,0,0,0,66,68,0,0,0,0,0,0,0,0,0,0,0,0,0,0,0,66,68,285,0,0,0,0,0,0,0,66,
64,0,0,0,0,0,0,0,0,0,0,0,0,0,0,0,0,0,0,0,0,0,66,68,0,0,0,0,0,0,0,0,0,0,0,0,0,0,0,66,64,0,0,0,0,0,0,0,0,66,
68,0,0,0,0,0,0,0,0,0,0,0,0,0,0,0,0,0,0,0,0,0,66,64,0,0,0,0,0,0,0,0,0,0,0,0,0,0,0,66,68,0,0,0,0,0,0,0,0,66,
68,0,0,0,0,0,0,0,0,0,0,0,0,0,0,0,0,0,0,0,0,0,66,64,0,0,0,0,0,0,0,0,0,0,0,0,0,0,0,66,68,0,0,0,0,0,0,0,0,66,
68,0,0,0,0,0,0,0,0,0,0,0,0,0,0,0,0,0,0,0,0,0,66,64,0,0,0,0,0,0,0,0,0,0,0,0,0,0,0,66,64,0,0,0,0,0,0,0,0,66,
64,0,0,0,0,0,0,0,0,0,0,0,0,0,0,0,0,0,0,0,0,0,66,68,0,0,0,0,0,0,0,0,0,0,0,0,0,0,0,66,64,0,0,0,0,0,0,0,0,66,
68,0,0,0,0,0,0,0,0,0,0,0,0,0,0,0,0,0,0,0,0,0,66,68,0,0,0,0,0,0,0,0,0,0,0,0,0,0,0,66,64,0,0,0,0,0,0,0,0,66,
68,0,0,0,0,0,0,0,0,0,0,0,0,0,0,0,0,0,0,0,0,0,66,76,67,67,67,67,67,67,72,0,0,75,67,67,67,67,67,79,76,67,72,0,0,75,67,67,67,79,
76,67,67,67,72,0,0,75,67,67,67,67,67,67,72,0,0,0,0,0,0,0,74,65,65,65,69,78,77,69,73,0,0,74,69,69,65,69,65,69,65,69,73,0,0,74,69,65,65,78,
77,69,65,69,73,0,0,74,65,69,69,65,65,78,64,0,0,0,0,0,0,0,0,0,0,0,0,66,68,0,0,0,0,0,0,0,0,0,0,0,0,0,0,0,0,0,0,0,0,66,
68,0,0,0,0,0,0,0,0,0,0,0,0,66,64,0,0,0,0,0,0,0,0,0,0,0,0,66,68,0,0,0,0,0,0,0,0,0,0,0,0,0,0,0,0,0,0,0,0,66,
68,0,0,0,0,0,0,0,0,0,0,0,0,66,64,0,0,0,0,0,0,0,0,0,0,0,0,66,68,0,0,0,0,0,0,0,0,0,0,0,0,0,0,0,0,0,0,0,0,66,
68,0,0,0,0,0,0,0,0,0,0,0,0,66,64,0,0,0,0,0,0,0,0,0,0,0,0,66,68,0,0,0,0,0,0,0,0,0,0,0,0,0,0,0,0,0,0,0,0,66,
68,0,0,0,0,0,0,0,0,0,0,0,0,66,68,0,0,0,0,0,0,0,0,0,0,0,0,66,68,0,0,0,0,0,0,0,0,0,0,0,0,0,0,0,0,0,0,0,0,66,
64,0,0,0,0,0,0,0,0,0,0,0,0,66,68,0,0,0,0,0,0,0,0,0,0,0,0,66,64,0,0,0,0,0,0,0,0,0,0,0,0,0,0,0,0,0,0,0,0,66,
68,0,0,0,0,0,0,0,0,0,0,0,0,66,68,0,0,0,0,0,0,0,0,0,0,0,0,66,64,0,0,0,0,0,0,0,0,0,0,0,0,0,0,0,0,0,0,0,0,66,
64,0,0,0,0,0,0,0,0,0,0,0,0,66,76,67,67,67,67,72,0,0,75,67,67,67,67,79,64,0,0,0,0,0,0,0,0,0,0,0,0,0,0,0,0,0,0,0,0,66,
64,0,0,0,286,0,0,0,0,0,0,0,0,66,77,69,65,69,69,73,0,0,74,65,69,69,69,78,64,0,0,0,0,0,0,0,0,0,0,0,0,0,0,0,0,0,0,0,0,66,
64,0,0,0,0,0,0,0,0,0,0,0,0,66,64,0,0,0,0,0,0,0,0,0,0,0,0,66,68,0,0,0,0,0,0,0,0,0,0,0,0,0,0,0,0,0,0,0,0,66,
68,0,0,0,0,0,0,0,0,0,0,0,0,66,64,0,0,0,0,0,0,0,0,0,0,0,0,66,64,0,0,0,0,0,0,0,0,0,0,0,0,0,0,0,0,0,0,0,0,66,
76,67,67,67,67,67,67,67,67,67,67,67,67,79,68,0,0,0,0,0,0,0,0,0,0,0,0,66,68,0,0,0,0,0,0,0,0,0,0,0,0,0,0,0,0,0,0,0,0,66,
77,69,65,69,65,65,65,69,69,65,69,69,69,78,64,0,0,0,0,0,0,0,0,0,0,0,0,66,64,0,0,0,0,0,0,0,0,0,0,0,0,0,0,0,0,0,0,0,0,66,
68,0,0,0,0,0,0,0,0,0,0,0,0,66,64,0,0,0,0,0,0,0,0,0,0,0,0,66,76,67,67,67,67,67,67,67,67,67,67,67,67,72,0,0,75,67,67,67,67,79,
64,0,0,0,0,0,0,0,0,0,0,0,0,66,68,0,0,0,0,0,0,0,0,0,0,0,0,74,69,69,65,69,69,69,65,65,69,78,77,65,65,73,0,0,74,65,65,65,65,78,
64,0,0,0,0,0,0,0,0,0,0,0,0,66,68,0,0,0,0,0,0,0,0,0,0,0,0,0,0,0,0,0,0,0,0,0,0,66,64,0,0,0,0,0,0,0,0,0,0,66,
64,0,0,0,0,0,0,0,0,0,0,0,0,66,68,0,0,0,0,0,0,0,0,0,0,0,0,0,0,0,0,0,0,0,0,0,0,66,64,0,0,0,0,0,0,0,0,0,0,66,
64,0,0,0,0,0,0,0,0,0,0,0,0,66,68,0,0,0,0,0,0,0,0,0,0,0,0,0,0,0,0,0,0,0,0,0,0,66,64,0,0,0,0,0,0,0,0,0,0,66,
68,0,0,0,0,0,0,0,0,0,0,0,0,66,64,0,0,0,0,0,0,0,0,0,0,0,0,0,0,0,0,0,0,0,0,0,0,66,68,0,0,0,0,0,0,0,0,0,0,66,
64,0,0,0,0,0,0,0,0,0,0,0,0,66,68,0,0,0,0,0,0,0,0,0,0,0,0,0,0,0,0,0,0,0,0,0,0,66,64,0,0,0,0,0,0,0,0,0,0,66,
76,67,67,67,67,72,0,0,75,67,67,67,67,79,64,0,0,0,0,0,0,0,0,0,0,0,0,0,0,0,0,0,0,0,0,0,0,66,64,0,0,0,0,0,0,0,0,0,0,66,
77,65,65,65,65,73,0,0,74,69,69,65,65,78,64,0,0,0,0,0,0,0,0,0,0,0,0,0,0,0,0,0,0,0,0,0,0,66,68,0,0,0,0,0,0,0,0,0,0,66,
68,0,0,0,0,0,0,0,0,0,0,0,0,66,76,67,67,67,72,0,0,75,67,67,67,67,67,67,67,67,67,67,67,67,67,67,67,79,68,0,0,0,0,0,0,0,0,0,0,66,
64,0,0,0,0,0,0,0,0,0,0,0,0,66,77,65,65,65,73,0,0,74,65,65,65,65,69,65,65,65,65,69,69,65,69,65,65,78,64,0,0,0,0,0,0,0,0,0,0,66,
64,0,0,0,0,0,0,0,0,0,0,0,0,66,68,0,0,0,0,0,0,0,0,0,0,0,0,0,0,0,0,0,0,0,0,0,0,66,68,0,0,0,0,0,0,0,0,0,0,66,
64,0,0,0,0,0,0,0,0,0,0,0,0,66,64,0,0,0,0,0,0,0,0,0,0,0,0,0,0,0,0,0,0,0,0,0,0,74,73,0,0,0,0,0,0,0,0,0,0,66,
64,0,0,0,0,0,0,0,0,0,0,0,0,74,73,0,0,0,0,0,0,0,0,0,0,0,0,0,0,0,0,0,0,0,0,0,0,0,0,0,0,0,0,0,0,0,0,0,0,66,
68,0,0,0,0,0,0,0,0,0,0,0,0,0,0,0,0,0,0,0,0,0,0,0,0,0,0,0,0,0,0,0,0,0,0,0,0,0,0,0,0,0,0,0,0,0,0,0,0,66,
68,0,0,0,0,0,0,0,0,0,0,0,0,0,0,0,0,0,0,0,0,0,0,0,0,0,0,0,0,0,0,0,0,0,0,0,0,75,72,0,0,0,0,0,0,0,0,0,0,66,
64,0,0,0,0,0,0,0,0,0,0,0,0,75,72,0,0,0,0,0,0,0,0,0,0,0,0,0,0,0,0,0,0,0,0,0,0,66,64,0,0,0,0,0,0,0,0,0,0,66,
64,0,0,0,0,0,0,0,0,0,0,0,0,66,64,0,0,0,0,0,0,0,0,0,0,0,0,0,0,0,0,0,0,0,0,0,0,66,64,0,0,0,0,0,0,0,0,0,0,66,
64,0,0,0,0,0,0,0,0,0,0,0,0,66,64,0,0,0,0,0,0,0,0,0,0,0,0,0,0,0,0,0,0,0,0,0,0,66,64,0,0,0,0,0,0,0,0,0,0,66,
68,0,0,0,0,0,0,0,0,0,0,0,0,66,64,0,0,0,0,0,0,0,0,0,0,0,0,0,0,0,0,0,0,0,0,0,0,66,68,0,0,0,0,0,0,0,0,0,0,66,
68,0,0,0,0,0,0,0,0,0,0,0,0,66,68,0,0,0,0,0,0,0,0,0,0,0,0,0,0,0,0,0,0,0,0,0,0,66,64,0,0,0,0,0,0,0,0,0,0,66,
76,67,67,67,67,67,67,67,67,67,67,67,67,79,76,67,67,67,67,67,67,67,67,67,67,67,67,67,67,67,67,67,67,67,67,67,67,79,76,67,67,67,67,67,67,67,67,67,67,79

[layer]
type=collision
data=
1,1,1,1,1,1,1,1,1,1,1,1,1,1,1,1,1,1,1,1,1,1,1,1,1,1,1,1,1,1,1,1,1,1,1,1,1,1,1,1,1,1,1,1,1,1,1,1,1,1,
1,0,0,0,0,0,0,0,0,0,0,0,0,0,0,0,0,0,0,0,0,0,1,1,0,0,0,0,0,0,0,0,0,0,0,0,0,0,0,1,1,0,0,0,0,0,0,0,0,1,
1,0,0,0,0,0,0,0,0,0,0,0,0,0,0,0,0,0,0,0,0,0,1,1,0,0,0,0,0,0,0,0,0,0,0,0,0,0,0,1,1,0,0,0,0,0,0,0,0,1,
1,0,0,0,0,0,0,0,0,0,0,0,0,0,0,0,0,0,0,0,0,0,1,1,0,0,0,0,0,0,0,0,0,0,0,0,0,0,0,1,1,1,1,2,1,0,0,0,0,1,
1,0,0,0,0,0,0,0,0,0,0,0,0,0,0,0,0,0,0,0,0,0,1,1,0,0,0,0,0,0,0,0,0,0,0,0,0,0,0,1,1,0,0,0,0,0,0,0,0,1,
1,0,0,0,0,0,0,0,0,0,0,0,0,0,0,0,0,0,0,0,0,0,1,1,0,0,0,0,0,0,0,0,0,0,0,0,0,0,0,1,1,0,0,0,0,0,0,0,0,1,
1,0,0,0,0,0,0,0,0,0,0,0,0,0,0,0,0,0,0,0,0,0,1,1,0,0,0,0,0,0,0,0,0,0,0,0,0,0,0,1,1,1,1,2,1,0,0,0,0,1,
1,0,0,0,0,0,0,0,0,0,0,0,0,0,0,0,0,0,0,0,0,0,1,1,0,0,0,0,0,0,0,0,0,0,0,0,0,0,0,1,1,0,0,0,0,0,0,0,0,1,
1,0,0,0,0,0,0,0,0,0,0,0,0,0,0,0,0,0,0,0,0,0,1,1,0,0,0,0,0,0,0,0,0,0,0,0,0,0,0,1,1,0,0,0,0,0,0,0,0,1,
1,0,0,0,0,0,0,0,0,0,0,0,0,0,0,0,0,0,0,0,0,0,1,1,0,0,0,0,0,0,0,0,0,0,0,0,0,0,0,1,1,0,0,0,0,0,0,0,0,1,
1,0,0,0,0,0,0,0,0,0,0,0,0,0,0,0,0,0,0,0,0,0,1,1,0,0,0,0,0,0,0,0,0,0,0,0,0,0,0,1,1,0,0,0,0,0,0,0,0,1,
1,0,0,0,0,0,0,0,0,0,0,0,0,0,0,0,0,0,0,0,0,0,1,1,0,0,0,0,0,0,0,0,0,0,0,0,0,0,0,1,1,0,0,0,0,0,0,0,0,1,
1,0,0,0,0,0,0,0,0,0,0,0,0,0,0,0,0,0,0,0,0,0,1,1,0,0,0,0,0,0,0,0,0,0,0,0,0,0,0,1,1,0,0,0,0,0,0,0,0,1,
1,0,0,0,0,0,0,0,0,0,0,0,0,0,0,0,0,0,0,0,0,0,1,1,1,1,1,1,1,1,1,0,0,1,1,1,1,1,1,1,1,1,1,0,0,1,1,1,1,1,
1,1,1,1,1,0,0,1,1,1,1,1,1,1,1,0,0,0,0,0,0,0,1,1,1,1,1,1,1,1,1,0,0,1,1,1,1,1,1,1,1,1,1,0,0,1,1,1,1,1,
1,1,1,1,1,0,0,1,1,1,1,1,1,1,1,0,0,0,0,0,0,0,0,0,0,0,0,1,1,0,0,0,0,0,0,0,0,0,0,0,0,0,0,0,0,0,0,0,0,1,
1,0,0,0,0,0,0,0,0,0,0,0,0,1,1,0,0,0,0,0,0,0,0,0,0,0,0,1,1,0,0,0,0,0,0,0,0,0,0,0,0,0,0,0,0,0,0,0,0,1,
1,0,0,0,0,0,0,0,0,0,0,0,0,1,1,0,0,0,0,0,0,0,0,0,0,0,0,1,1,0,0,0,0,0,0,0,0,0,0,0,0,0,0,0,0,0,0,0,0,1,
1,0,0,0,0,0,0,0,0,0,0,0,0,1,1,0,0,0,0,0,0,0,0,0,0,0,0,1,1,0,0,0,0,0,0,0,0,0,0,0,0,0,0,0,0,0,0,0,0,1,
1,0,0,0,0,0,0,0,0,0,0,0,0,1,1,0,0,0,0,0,0,0,0,0,0,0,0,1,1,0,0,0,0,0,0,0,0,0,0,0,0,0,0,0,0,0,0,0,0,1,
1,0,0,0,0,0,0,0,0,0,0,0,0,1,1,0,0,0,0,0,0,0,0,0,0,0,0,1,1,0,0,0,0,0,0,0,0,0,0,0,0,0,0,0,0,0,0,0,0,1,
1,0,0,0,2,0,0,2,0,0,0,0,0,1,1,0,0,0,0,0,0,0,0,0,0,0,0,1,1,0,0,0,0,0,0,0,0,0,0,0,0,0,0,0,0,0,0,0,0,1,
1,0,0,0,2,0,0,2,0,0,0,0,0,1,1,1,1,1,1,1,0,0,1,1,1,1,1,1,1,0,0,0,0,0,0,0,0,0,0,0,0,0,0,0,0,0,0,0,0,1,
1,0,0,0,2,2,2,2,0,0,0,0,0,1,1,1,1,1,1,1,0,0,1,1,1,1,1,1,1,0,0,0,0,0,0,0,0,0,0,0,0,0,0,0,0,0,0,0,0,1,
1,0,0,0,0,0,0,0,0,0,0,0,0,1,1,0,0,0,0,0,0,0,0,0,0,0,0,1,1,0,0,0,0,0,0,0,0,0,0,0,0,0,0,0,0,0,0,0,0,1,
1,0,0,0,0,0,0,0,0,0,0,0,0,1,1,0,0,0,0,0,0,0,0,0,0,0,0,1,1,0,0,0,0,0,0,0,0,0,0,0,0,0,0,0,0,0,0,0,0,1,
1,1,1,1,1,1,1,1,1,1,1,1,1,1,1,0,0,0,0,0,0,0,0,0,0,0,0,1,1,0,0,0,0,0,0,0,0,0,0,0,0,0,0,0,0,0,0,0,0,1,
1,1,1,1,1,1,1,1,1,1,1,1,1,1,1,0,0,0,0,0,0,0,0,0,0,0,0,1,1,0,0,0,0,0,0,0,0,0,0,0,0,0,0,0,0,0,0,0,0,1,
1,0,0,0,0,0,0,0,0,0,0,0,0,1,1,0,0,0,0,0,0,0,0,0,0,0,0,1,1,1,1,1,1,1,1,1,1,1,1,1,1,1,0,0,1,1,1,1,1,1,
1,0,0,0,0,0,0,0,0,0,0,0,0,1,1,0,0,0,0,0,0,0,0,0,0,0,0,1,1,1,1,1,1,1,1,1,1,1,1,1,1,1,0,0,1,1,1,1,1,1,
1,0,0,0,0,0,0,0,0,0,0,0,0,1,1,0,0,0,0,0,0,0,0,0,0,0,0,0,0,0,0,0,0,0,0,0,0,1,1,0,0,0,0,0,0,0,0,0,0,1,
1,0,0,0,0,0,0,0,0,0,0,0,0,1,1,0,0,0,0,0,0,0,0,0,0,0,0,0,0,0,0,0,0,0,0,0,0,1,1,0,0,0,0,0,0,0,0,0,0,1,
1,0,0,0,0,0,0,0,0,0,0,0,0,1,1,0,0,0,0,0,0,0,0,0,0,0,0,0,0,0,0,0,0,0,0,0,0,1,1,0,0,0,0,0,0,0,0,0,0,1,
1,0,0,0,0,0,0,0,0,0,0,0,0,1,1,0,0,0,0,0,0,0,0,0,0,0,0,0,0,0,0,0,0,0,0,0,0,1,1,0,0,0,0,0,0,0,0,0,0,1,
1,0,0,0,0,0,0,0,0,0,0,0,0,1,1,0,0,0,0,0,0,0,0,0,0,0,0,0,0,0,0,0,0,0,0,0,0,1,1,0,0,0,0,0,0,0,0,0,0,1,
1,1,1,1,1,1,0,0,1,1,1,1,1,1,1,0,0,0,0,0,0,0,0,0,0,0,0,0,0,0,0,0,0,0,0,0,0,1,1,0,0,0,0,0,0,0,0,0,0,1,
1,1,1,1,1,1,0,0,1,1,1,1,1,1,1,0,0,0,0,0,0,0,0,0,0,0,0,0,0,0,0,0,0,0,0,0,0,1,1,0,0,0,0,0,0,0,0,0,0,1,
1,0,0,0,0,0,0,0,0,0,0,0,0,1,1,1,1,1,1,0,0,1,1,1,1,1,1,1,1,1,1,1,1,1,1,1,1,1,1,0,0,0,0,0,0,0,0,0,0,1,
1,0,0,0,0,0,0,0,0,0,0,0,0,1,1,1,1,1,1,0,0,1,1,1,1,1,1,1,1,1,1,1,1,1,1,1,1,1,1,0,0,0,0,0,0,0,0,0,0,1,
1,0,0,0,0,0,0,0,0,0,0,0,0,1,1,0,0,0,0,0,0,0,0,0,0,0,0,0,0,0,0,0,0,0,0,0,0,1,1,0,0,0,0,0,0,0,0,0,0,1,
1,0,0,0,0,0,0,0,0,0,0,0,0,1,1,0,0,0,0,0,0,0,0,0,0,0,0,0,0,0,0,0,0,0,0,0,0,1,1,0,0,0,0,0,0,0,0,0,0,1,
1,0,0,0,0,0,0,0,0,0,0,0,0,1,1,0,0,0,0,0,0,0,0,0,0,0,0,0,0,0,0,0,0,0,0,0,0,0,0,0,0,0,0,0,0,0,0,0,0,1,
1,0,0,0,0,0,0,0,0,0,0,0,0,0,0,0,0,0,0,0,0,0,0,0,0,0,0,0,0,0,0,0,0,0,0,0,0,0,0,0,0,0,0,0,0,0,0,0,0,1,
1,0,0,0,0,0,0,0,0,0,0,0,0,0,0,0,0,0,0,0,0,0,0,0,0,0,0,0,0,0,0,0,0,0,0,0,0,1,1,0,0,0,0,0,0,0,0,0,0,1,
1,0,0,0,0,0,0,0,0,0,0,0,0,1,1,0,0,0,0,0,0,0,0,0,0,0,0,0,0,0,0,0,0,0,0,0,0,1,1,0,0,0,0,0,0,0,0,0,0,1,
1,0,0,0,0,0,0,0,0,0,0,0,0,1,1,0,0,0,0,0,0,0,0,0,0,0,0,0,0,0,0,0,0,0,0,0,0,1,1,0,0,0,0,0,0,0,0,0,0,1,
1,0,0,0,0,0,0,0,0,0,0,0,0,1,1,0,0,0,0,0,0,0,0,0,0,0,0,0,0,0,0,0,0,0,0,0,0,1,1,0,0,0,0,0,0,0,0,0,0,1,
1,0,0,0,0,0,0,0,0,0,0,0,0,1,1,0,0,0,0,0,0,0,0,0,0,0,0,0,0,0,0,0,0,0,0,0,0,1,1,0,0,0,0,0,0,0,0,0,0,1,
1,0,0,0,0,0,0,0,0,0,0,0,0,1,1,0,0,0,0,0,0,0,0,0,0,0,0,0,0,0,0,0,0,0,0,0,0,1,1,0,0,0,0,0,0,0,0,0,0,1,
1,1,1,1,1,1,1,1,1,1,1,1,1,1,1,1,1,1,1,1,1,1,1,1,1,1,1,1,1,1,1,1,1,1,1,1,1,1,1,1,1,1,1,1,1,1,1,1,1,1

[event]
# to dungeon 3
type=on_trigger
location=43,4,1,2
intermap=maps/dungeon3.txt,42,3

[event]
# to dungeon 5
type=on_trigger
location=5,21,2,1
intermap=maps/dungeon5.txt,5,19

[enemygroup]
# skeletons
type=dungeon_skeleton
location=1,28,48,21
level=20,30
number=8,12

[enemygroup]
# skeletons
type=dungeon_skeleton
location=15,1,24,27
level=20,30
number=6,12

[enemy]
# demon statue
type=enemies/ng_enemy_demon_statue.txt
location=2,9,1,1

[enemy]
# demon statue
type=enemies/ng_enemy_demon_statue.txt
location=2,3,1,1

[enemy]
# demon statue
type=enemies/ng_enemy_demon_statue.txt
location=2,6,1,1

