[header]
width=20
height=20
tilewidth=64
tileheight=32
orientation=isometric
music=music/cave_theme.ogg
tileset=tilesetdefs/tileset_cave.txt
title=Hidden Alcove

[tilesets]
tileset=../../tiled/cave/tiled_collision.png,64,32,0,0
tileset=../../tiled/cave/tiled_cave.png,64,128,0,0
tileset=../../tiled/cave/set_rules.png,64,32,0,0

[layer]
type=background
data=
0,0,0,0,0,0,0,0,0,0,0,0,0,0,0,0,0,0,0,0,
0,0,0,0,0,0,0,0,0,0,0,0,0,0,0,0,0,0,0,0,
0,0,0,0,0,26,26,57,0,0,0,0,0,0,0,0,0,0,0,0,
0,0,0,0,19,19,19,26,57,0,0,0,0,0,0,0,0,0,0,0,
0,0,0,28,25,29,20,30,28,57,0,0,0,0,0,0,0,0,0,0,
0,0,0,24,27,28,30,26,19,28,57,0,0,0,0,0,0,0,0,0,
0,0,0,24,26,25,22,28,19,29,19,0,0,0,0,0,0,0,0,0,
0,0,0,24,22,27,31,27,25,27,28,0,0,0,0,0,0,0,0,0,
0,0,0,56,30,24,31,19,31,30,23,0,0,0,0,0,0,0,0,0,
0,0,0,0,21,16,16,25,25,31,23,0,0,0,0,0,0,0,0,0,
0,0,0,0,0,29,19,24,18,18,0,0,0,0,0,0,0,0,0,0,
0,0,0,0,0,0,16,29,0,0,0,0,0,0,0,0,0,0,0,0,
0,0,0,0,0,0,22,19,0,0,0,0,0,0,0,0,0,0,0,0,
0,0,0,0,0,0,28,28,18,0,0,0,0,0,0,0,0,0,0,0,
0,0,0,0,0,0,27,16,28,0,0,0,0,0,0,0,0,0,0,0,
0,0,0,0,0,0,0,0,0,0,0,0,0,0,0,0,0,0,0,0,
0,0,0,0,0,0,0,0,0,0,0,0,0,0,0,0,0,0,0,0,
0,0,0,0,0,0,0,0,0,0,0,0,0,0,0,0,0,0,0,0,
0,0,0,0,0,0,0,0,0,0,0,0,0,0,0,0,0,0,0,0,
0,0,0,0,0,0,0,0,0,0,0,0,0,0,0,0,0,0,0,0

[layer]
type=object
data=
0,0,0,0,0,0,0,0,0,0,0,0,0,0,0,0,0,0,0,0,
0,0,0,0,0,0,0,0,0,0,0,0,0,0,0,0,0,0,0,0,
0,0,0,0,0,72,69,69,73,0,0,0,0,0,0,0,0,0,0,0,
0,0,0,0,72,84,0,0,85,73,0,0,0,0,0,0,0,0,0,0,
0,0,0,72,84,161,0,0,178,85,73,0,0,0,0,0,0,0,0,0,
0,0,0,68,0,0,0,0,0,0,85,73,0,0,0,0,0,0,0,0,
0,0,0,68,145,0,0,0,0,0,144,85,73,0,0,0,0,0,0,0,
0,0,0,68,0,0,0,0,0,0,0,0,85,73,0,0,0,0,0,0,
0,0,0,68,0,0,0,0,0,0,0,0,0,70,0,0,0,0,0,0,
0,0,0,75,87,152,0,0,0,0,0,0,0,70,0,0,0,0,0,0,
0,0,0,0,75,87,0,0,0,0,0,0,0,70,0,0,0,0,0,0,
0,0,0,0,0,75,87,0,0,0,0,0,0,70,0,0,0,0,0,0,
0,0,0,0,0,0,68,0,0,0,0,86,71,74,0,0,0,0,0,0,
0,0,0,0,0,0,68,0,0,86,71,74,0,0,0,0,0,0,0,0,
0,0,0,0,0,0,68,0,0,70,0,0,0,0,0,0,0,0,0,0,
0,0,0,0,0,0,0,0,0,0,0,0,0,0,0,0,0,0,0,0,
0,0,0,0,0,0,0,0,0,0,0,0,0,0,0,0,0,0,0,0,
0,0,0,0,0,0,0,0,0,0,0,0,0,0,0,0,0,0,0,0,
0,0,0,0,0,0,0,0,0,0,0,0,0,0,0,0,0,0,0,0,
0,0,0,0,0,0,0,0,0,0,0,0,0,0,0,0,0,0,0,0

[layer]
type=collision
data=
3,3,3,3,3,3,3,3,3,3,3,3,3,3,3,3,3,3,3,3,
3,3,3,3,3,3,3,3,3,3,3,3,3,3,3,3,3,3,3,3,
3,3,3,3,3,1,1,1,1,3,3,3,3,3,3,3,3,3,3,3,
3,3,3,3,1,1,0,0,1,1,3,3,3,3,3,3,3,3,3,3,
3,3,3,1,1,2,0,0,2,1,1,3,3,3,3,3,3,3,3,3,
3,3,3,1,0,0,0,0,0,0,1,1,3,3,3,3,3,3,3,3,
3,3,3,1,2,0,0,0,0,0,2,1,1,3,3,3,3,3,3,3,
3,3,3,1,0,0,0,0,0,0,0,0,1,1,3,3,3,3,3,3,
3,3,3,1,0,0,0,0,0,0,0,0,0,1,3,3,3,3,3,3,
3,3,3,1,1,2,0,0,0,0,0,0,0,1,3,3,3,3,3,3,
3,3,3,3,1,1,0,0,0,0,0,0,0,1,3,3,3,3,3,3,
3,3,3,3,3,1,1,0,0,0,0,0,0,1,3,3,3,3,3,3,
3,3,3,3,3,3,1,0,0,0,0,1,1,1,3,3,3,3,3,3,
3,3,3,3,3,3,1,0,0,1,1,1,3,3,3,3,3,3,3,3,
3,3,3,3,3,3,1,0,0,1,3,3,3,3,3,3,3,3,3,3,
3,3,3,3,3,3,3,3,3,3,3,3,3,3,3,3,3,3,3,3,
3,3,3,3,3,3,3,3,3,3,3,3,3,3,3,3,3,3,3,3,
3,3,3,3,3,3,3,3,3,3,3,3,3,3,3,3,3,3,3,3,
3,3,3,3,3,3,3,3,3,3,3,3,3,3,3,3,3,3,3,3,
3,3,3,3,3,3,3,3,3,3,3,3,3,3,3,3,3,3,3,3

[event]
# to marshlands
type=event
location=7,14,2,1
activate=on_trigger
intermap=maps/marshlands.txt,45,13

